cities:[0,1,2,3,4,5,6,7,8,9,10,11,12,13,14,15,16,17,18,19]
coordinatesx:[223,864,945,686,697,725,514,182,735,120,316,929,193,161,884,168,325,223,145,393]
coordinatesy:[63,189,900,370,737,464,128,790,849,350,179,68,291,729,854,580,484,418,433,960]
ncities:20
maxdistance:3890
distancevector:[0,653,1105,555,823,642,298,728,938,304,148,706,229,668,1030,519,433,355,378,912,653,0,715,253,572,308,355,909,672,761,548,137,678,886,665,798,614,680,759,903,1105,715,0,589,296,488,884,770,216,991,956,832,967,802,76,840,746,868,926,555,555,253,589,0,367,101,296,656,481,566,416,387,499,636,522,558,378,465,544,658,823,572,296,367,0,274,635,517,118,694,675,708,673,536,220,551,449,571,630,377,642,308,488,101,274,0,396,633,385,615,498,445,559,623,421,568,400,504,580,596,298,355,884,296,635,396,0,740,754,452,204,419,360,697,814,569,403,410,478,840,728,909,770,656,517,633,740,0,556,444,625,1038,499,64,704,210,337,374,358,270,938,672,216,481,118,385,754,556,0,791,790,804,777,586,149,627,548,669,721,359,304,761,991,566,694,615,452,444,791,0,260,856,93,381,915,234,244,123,86,668,148,548,956,416,675,498,204,625,790,260,0,622,166,571,882,427,305,256,306,784,706,137,832,387,708,445,419,1038,804,856,622,0,769,1013,787,917,733,787,864,1040,229,678,967,499,673,559,360,499,777,93,166,769,0,439,891,290,233,130,149,698,668,886,802,636,536,623,697,64,586,381,571,1013,439,0,733,149,294,317,296,327,1030,665,76,522,220,421,814,704,149,915,882,787,891,733,0,766,670,791,850,502,519,798,840,558,551,568,569,210,627,234,427,917,290,149,766,0,184,171,148,441,433,614,746,378,449,400,403,337,548,244,305,733,233,294,670,184,0,121,187,480,355,680,868,465,571,504,410,374,669,123,256,787,130,317,791,171,121,0,79,568,378,759,926,544,630,580,478,358,721,86,306,864,149,296,850,148,187,79,0,582,912,903,555,658,377,596,840,270,359,668,784,1040,698,327,502,441,480,568,582,0]
solution:1
param:0.87
MZN:/Users/nitiny/kpc/output/cases/tsp/tsp-20-2/mzn/1/1-0.87.dzn
type:4
