cities:[0,1,2,3,4,5,6,7,8,9,10,11,12,13,14,15,16,17,18,19]
coordinatesx:[398,256,693,695,566,495,744,90,527,714,109,52,40,966,975,383,260,722,84,243]
coordinatesy:[250,925,593,484,51,332,847,456,633,864,136,598,579,406,24,526,251,334,932,934]
ncities:20
maxdistance:4427
distancevector:[0,689,452,378,260,127,690,370,404,690,310,490,486,589,619,276,138,334,750,701,689,0,548,622,927,639,494,497,398,462,802,385,407,879,1152,418,674,752,172,15,452,548,0,109,556,327,259,618,170,271,741,641,653,330,635,317,551,260,696,564,378,622,109,0,451,251,366,605,224,380,681,653,661,282,538,314,493,152,757,637,260,927,556,451,0,289,815,624,583,826,464,750,745,534,409,509,365,323,1004,940,127,639,327,251,289,0,572,423,302,575,432,516,517,476,570,224,248,227,727,652,690,494,259,366,815,572,0,761,304,34,953,735,753,493,854,483,767,513,665,508,370,497,618,605,624,423,761,0,471,745,320,146,132,877,984,301,266,643,476,501,404,398,170,224,583,302,304,471,0,297,649,476,489,494,756,179,466,356,534,413,690,462,271,380,826,575,34,745,297,0,946,713,731,522,879,473,762,530,633,476,310,802,741,681,464,432,953,320,649,946,0,465,448,898,873,476,189,644,796,809,490,385,641,653,750,516,735,146,476,713,465,0,22,933,1086,338,404,720,335,386,486,407,653,661,745,517,753,132,489,731,448,22,0,942,1087,347,394,724,355,408,589,879,330,282,534,476,493,877,494,522,898,933,942,0,382,595,722,254,1026,895,619,1152,635,538,409,570,854,984,756,879,873,1086,1087,382,0,776,750,400,1272,1167,276,418,317,314,509,224,483,301,179,473,476,338,347,595,776,0,301,389,504,431,138,674,551,493,365,248,767,266,466,762,189,404,394,722,750,301,0,469,703,683,334,752,260,152,323,227,513,643,356,530,644,720,724,254,400,389,469,0,874,767,750,172,696,757,1004,727,665,476,534,633,796,335,355,1026,1272,504,703,874,0,159,701,15,564,637,940,652,508,501,413,476,809,386,408,895,1167,431,683,767,159,0]
solution:1
param:0.99
MZN:/Users/nitiny/kpc/output/cases/tsp/tsp-20-2/mzn/3/3-0.99.dzn
type:6
