cities:[0,1,2,3,4,5,6,7,8,9]
coordinatesx:[53,109,761,270,615,660,289,109,671,333]
coordinatesy:[893,66,560,250,162,986,855,614,482,962]
ncities:10
maxdistance:-1
distancevector:[0,828,782,678,922,614,239,284,742,288,828,0,818,244,515,1072,809,548,699,923,782,818,0,580,423,437,556,654,119,587,678,244,580,0,356,832,605,398,463,714,922,515,423,356,0,825,765,678,324,848,614,1072,437,832,825,0,393,664,504,327,239,809,556,605,765,393,0,300,533,115,284,548,654,398,678,664,300,0,577,413,742,699,119,463,324,504,533,577,0,587,288,923,587,714,848,327,115,413,587,0]
solution:2993
