cities:[0,1,2,3,4,5,6,7,8,9]
coordinatesx:[99,346,452,658,521,302,46,15,393,865]
coordinatesy:[81,190,798,314,775,627,776,940,291,536]
ncities:10
maxdistance:-1
distancevector:[0,869,749,175,571,758,893,758,450,414,869,0,396,922,388,399,30,665,589,497,749,396,0,870,556,688,394,915,321,343,175,922,870,0,573,732,949,672,596,527,571,388,556,573,0,202,418,362,515,366,758,399,688,732,202,0,426,268,706,561,893,30,394,949,418,426,0,694,602,516,758,665,915,672,362,268,694,0,857,707,450,589,321,596,515,706,602,857,0,149,414,497,343,527,366,561,516,707,149,0]
solution:3013
