cities:[0,1,2,3,4,5,6,7,8,9]
coordinatesx:[944,898,143,317,61,687,471,30,800,869]
coordinatesy:[507,982,31,892,678,509,815,429,42,250]
ncities:10
maxdistance:-1
distancevector:[0,477,931,735,899,257,564,917,486,267,477,0,1214,587,890,517,458,1029,945,732,931,1214,0,878,652,724,849,413,657,758,735,587,878,0,333,532,172,544,977,846,899,890,652,333,0,648,432,250,974,914,257,517,724,532,648,0,374,661,480,316,564,458,849,172,432,374,0,586,840,691,917,1029,413,544,250,661,586,0,861,857,486,945,657,977,974,480,840,861,0,219,267,732,758,846,914,316,691,857,219,0]
solution:3543
