cities:[0,1,2,3,4,5,6,7,8,9]
coordinatesx:[852,500,674,438,104,592,364,935,210,124]
coordinatesy:[391,76,920,842,729,569,417,586,103,640]
ncities:10
maxdistance:-1
distancevector:[0,472,558,612,820,315,488,211,703,769,472,0,861,768,763,501,367,670,291,677,558,861,0,248,601,360,590,423,939,617,612,768,248,0,352,313,431,559,773,373,820,763,601,352,0,513,406,843,634,91,315,501,360,313,513,0,274,343,602,473,488,367,590,431,406,274,0,595,349,327,211,670,423,559,843,343,595,0,871,812,703,291,939,773,634,602,349,871,0,543,769,677,617,373,91,473,327,812,543,0]
solution:3044
