cities:[0,1,2,3,4,5,6,7,8,9]
coordinatesx:[41,812,525,336,375,420,892,62,535,230]
coordinatesy:[160,428,830,78,722,393,193,842,263,586]
ncities:10
maxdistance:-1
distancevector:[0,189,738,795,570,235,495,465,815,531,189,0,903,980,681,415,665,639,990,618,738,903,0,261,969,639,244,647,755,1009,795,980,261,0,855,625,351,538,534,916,570,681,969,855,0,411,770,323,495,98,235,415,639,625,411,0,405,231,580,410,495,665,244,351,770,405,0,464,673,796,465,639,647,538,323,231,464,0,351,378,815,990,755,534,495,580,673,351,0,589,531,618,1009,916,98,410,796,378,589,0]
solution:3258
