cities:[0,1,2,3,4,5,6,7,8,9]
coordinatesx:[678,149,966,813,949,766,492,689,594,98]
coordinatesy:[70,843,6,956,135,755,97,903,554,383]
ncities:10
maxdistance:-1
distancevector:[0,451,468,946,780,398,351,317,112,503,451,0,585,617,737,732,548,532,343,470,468,585,0,708,334,303,125,158,431,175,946,617,708,0,539,1002,783,796,840,540,780,737,334,539,0,616,457,489,717,293,398,732,303,1002,616,0,222,219,439,462,351,548,125,783,457,222,0,34,330,245,317,532,158,796,489,219,34,0,299,264,112,343,431,840,717,439,330,299,0,429,503,470,175,540,293,462,245,264,429,0]
solution:2855
