cities:[0,1,2,3,4,5,6,7,8,9,10,11,12,13,14,15,16,17,18,19]
coordinatesx:[949,548,268,839,349,27,481,927,595,17,558,957,45,861,394,182,712,439,532,482]
coordinatesy:[774,154,92,792,344,417,450,818,999,78,556,516,546,328,819,396,25,786,963,273]
ncities:20
maxdistance:3890
distancevector:[0,738,963,111,738,988,569,49,419,1163,447,258,932,454,556,855,785,510,457,684,738,0,286,701,275,583,303,764,846,536,402,546,637,358,682,438,208,641,809,136,963,286,0,903,264,404,416,980,964,251,547,809,505,638,737,315,449,714,910,280,111,701,903,0,663,894,495,91,319,1088,366,300,831,464,445,767,777,400,351,629,738,275,264,663,0,330,169,747,699,425,297,631,364,512,477,174,483,451,645,150,988,583,404,894,330,0,455,985,813,339,548,935,130,838,544,156,789,553,743,477,569,303,416,495,169,455,0,578,560,594,131,480,446,399,379,303,483,338,515,177,49,764,980,91,747,985,578,0,378,1172,452,303,922,494,533,856,821,489,420,703,419,846,964,319,699,813,560,378,0,1087,444,603,712,721,269,730,981,264,72,734,1163,536,251,1088,425,339,594,1172,1087,0,721,1037,468,880,831,358,697,824,1023,504,447,402,547,366,297,548,131,452,444,721,0,401,513,379,309,408,552,258,407,293,258,546,809,300,631,935,480,303,603,1037,401,0,912,211,639,784,548,584,616,533,932,637,505,831,364,130,446,922,712,468,513,912,0,844,443,203,846,461,641,515,454,358,638,464,512,838,399,494,721,880,379,211,844,0,677,682,337,622,715,382,556,682,737,445,477,544,379,533,269,831,309,639,443,677,0,473,855,55,199,553,855,438,315,767,174,156,303,856,730,358,408,784,203,682,473,0,646,467,666,324,785,208,449,777,483,789,483,821,981,697,552,548,846,337,855,646,0,808,955,338,510,641,714,400,451,553,338,489,264,824,258,584,461,622,55,467,808,0,199,514,457,809,910,351,645,743,515,420,72,1023,407,616,641,715,199,666,955,199,0,691,684,136,280,629,150,477,177,703,734,504,293,533,515,382,553,324,338,514,691,0]
solution:1
param:0.87
MZN:/Users/nitiny/kpc/output/cases/tsp/tsp-20-2/mzn/15/15-0.87.dzn
type:4
