cities:[0,1,2,3,4,5,6,7,8,9]
coordinatesx:[345,394,64,378,153,94,453,564,106,323]
coordinatesy:[83,479,527,195,153,379,24,416,284,492]
ncities:10
maxdistance:-1
distancevector:[0,399,525,116,204,388,123,398,312,409,399,0,333,284,405,316,458,181,347,72,525,333,0,456,384,151,635,512,246,261,116,284,456,0,228,338,186,288,286,302,204,405,384,228,0,233,326,487,139,379,388,316,151,338,233,0,504,471,95,255,123,458,635,186,326,504,0,407,433,485,398,181,512,288,487,471,407,0,476,252,312,347,246,286,139,95,433,476,0,300,409,72,261,302,379,255,485,252,300,0]
solution:1700
