cities:[0,1,2,3,4,5,6,7,8,9]
coordinatesx:[737,409,48,560,592,956,65,753,781,220]
coordinatesy:[206,15,178,713,280,31,39,865,570,930]
ncities:10
maxdistance:-1
distancevector:[0,203,404,580,557,428,587,780,761,772,203,0,588,783,578,591,744,947,715,794,404,588,0,283,524,103,220,383,796,671,580,783,283,0,806,376,409,448,1079,940,557,578,524,806,0,432,477,654,273,218,428,591,103,376,432,0,158,356,705,569,587,744,220,409,477,158,0,207,741,555,780,947,383,448,654,356,207,0,902,683,761,715,796,1079,273,705,741,902,0,258,772,794,671,940,218,569,555,683,258,0]
solution:3326
