cities:[0,1,2,3,4,5,6,7,8,9]
coordinatesx:[395,590,925,620,557,121,44,328,93,249]
coordinatesy:[732,581,426,310,941,716,96,136,250,52]
ncities:10
maxdistance:-1
distancevector:[0,252,81,147,692,744,769,296,138,615,252,0,217,283,765,908,769,222,187,811,81,217,0,217,765,825,830,324,59,695,147,283,217,0,548,633,623,205,263,527,692,765,765,548,0,331,226,552,809,421,744,908,825,633,331,0,557,735,881,180,769,769,830,623,226,557,0,547,861,642,296,222,324,205,552,735,547,0,336,671,138,187,59,263,809,881,861,336,0,754,615,811,695,527,421,180,642,671,754,0]
solution:2507
