cities:[0,1,2,3,4,5,6,7,8,9]
coordinatesx:[841,43,993,788,249,498,292,148,281,241]
coordinatesy:[569,665,642,261,864,120,201,479,951,97]
ncities:10
maxdistance:-1
distancevector:[0,803,168,312,661,565,660,698,677,763,803,0,950,847,286,709,526,213,372,601,168,950,0,432,776,719,828,860,776,928,312,847,432,0,808,322,499,676,856,571,661,286,776,808,0,784,664,398,92,767,565,709,719,322,784,0,221,501,858,258,660,526,828,499,664,221,0,313,750,115,698,213,860,676,398,501,313,0,490,393,677,372,776,856,92,858,750,490,0,854,763,601,928,571,767,258,115,393,854,0]
solution:2855
