cities:[0,1,2,3,4,5,6,7,8,9]
coordinatesx:[756,5,202,796,284,85,846,729,578,546]
coordinatesy:[672,787,580,909,900,568,481,308,163,396]
ncities:10
maxdistance:-1
distancevector:[0,256,208,235,326,346,245,546,334,706,256,0,449,442,147,546,379,802,488,926,208,449,0,90,476,370,374,379,419,500,235,442,90,0,441,458,441,442,498,485,326,147,476,441,0,657,507,852,615,908,346,546,370,458,657,0,186,420,111,764,245,379,374,441,507,186,0,565,109,847,546,802,379,442,852,420,565,0,528,413,334,488,419,498,615,111,109,528,0,855,706,926,500,485,908,764,847,413,855,0]
solution:2688
