cities:[0,1,2,3,4,5,6,7,8,9]
coordinatesx:[4,213,768,786,951,520,462,20,173,946]
coordinatesy:[813,145,459,42,799,678,504,395,425,204]
ncities:10
maxdistance:-1
distancevector:[0,699,842,1098,947,533,552,418,423,1121,699,0,637,582,986,615,436,315,282,735,842,637,0,417,386,330,309,750,595,310,1098,582,417,0,774,689,564,843,722,227,947,986,386,774,0,447,571,1014,863,595,533,615,330,689,447,0,183,574,429,637,552,436,309,564,571,183,0,455,299,569,418,315,750,843,1014,574,455,0,155,945,423,282,595,722,863,429,299,155,0,803,1121,735,310,227,595,637,569,945,803,0]
solution:3542
