cities:[0,1,2,3,4,5,6,7,8,9]
coordinatesx:[23,932,353,339,782,16,442,668,818,471]
coordinatesy:[218,827,952,693,854,16,12,306,351,319]
ncities:10
maxdistance:-1
distancevector:[0,145,973,892,858,164,866,648,723,357,145,0,983,834,858,52,984,777,740,466,973,983,0,451,138,1036,805,844,250,744,892,834,451,0,345,880,1119,1068,433,833,858,858,138,345,0,910,815,814,159,664,164,52,1036,880,910,0,1022,809,792,505,866,984,805,1119,815,1022,0,237,687,518,648,777,844,1068,814,809,237,0,662,325,723,740,250,433,159,792,687,662,0,505,357,466,744,833,664,505,518,325,505,0]
solution:3389
