cities:[0,1,2,3,4,5,6,7,8,9]
coordinatesx:[402,788,668,169,133,747,457,933,109,209]
coordinatesy:[824,311,692,506,215,75,483,928,75,431]
ncities:10
maxdistance:-1
distancevector:[0,226,262,777,584,519,686,606,454,805,226,0,155,597,360,540,749,712,641,609,262,155,0,722,430,687,887,835,716,719,777,597,722,0,353,602,790,867,1002,94,584,360,430,353,0,682,904,924,947,315,519,540,687,602,682,0,223,265,454,682,686,749,887,790,904,223,0,152,453,877,606,712,835,867,924,265,152,0,305,948,454,641,716,1002,947,454,453,305,0,1065,805,609,719,94,315,682,877,948,1065,0]
solution:2922
