cities:[0,1,2,3,4,5,6,7,8,9]
coordinatesx:[387,179,754,188,610,885,325,398,204,360]
coordinatesy:[183,381,190,439,941,640,779,556,858,42]
ncities:10
maxdistance:-1
distancevector:[0,876,191,574,217,966,840,780,556,556,876,0,725,930,944,482,470,589,930,349,191,725,0,452,228,775,649,591,437,445,574,930,452,0,389,710,594,457,20,788,217,944,228,389,0,922,793,700,369,673,966,482,775,710,922,0,129,253,720,662,840,470,649,594,793,129,0,146,602,580,780,589,591,457,700,253,146,0,468,628,556,930,437,20,369,720,602,468,0,781,556,349,445,788,673,662,580,628,781,0]
solution:2805
