cities:[0,1,2,3,4,5,6,7,8,9]
coordinatesx:[551,304,143,992,950,621,790,633,913,113]
coordinatesy:[334,749,123,291,672,399,234,104,876,753]
ncities:10
maxdistance:-1
distancevector:[0,482,459,443,522,95,259,244,651,606,482,0,646,826,650,472,708,724,622,191,459,646,0,865,976,551,656,490,1076,630,443,826,865,0,383,386,209,404,590,993,522,650,976,383,0,427,466,650,207,840,95,472,551,386,427,0,236,295,559,619,259,708,656,209,466,236,0,203,653,853,244,724,490,404,650,295,203,0,821,831,651,622,1076,590,207,559,653,821,0,809,606,191,630,993,840,619,853,831,809,0]
solution:3294
