cities:[0,1,2,3,4,5,6,7,8,9]
coordinatesx:[257,143,350,606,14,683,435,446,909,329]
coordinatesy:[587,962,853,764,857,172,508,53,447,948]
ncities:10
maxdistance:-1
distancevector:[0,362,73,384,392,173,52,357,628,743,362,0,423,710,106,366,402,429,826,1040,73,423,0,311,440,233,21,418,568,670,384,710,311,0,700,526,332,702,378,363,392,106,440,700,0,437,422,525,767,1008,173,366,233,526,437,0,218,184,800,890,52,402,21,332,422,218,0,403,582,690,357,429,418,702,525,184,403,0,985,1064,628,826,568,378,767,800,582,985,0,346,743,1040,670,363,1008,890,690,1064,346,0]
solution:2752
