cities:[0,1,2,3,4,5,6,7,8,9]
coordinatesx:[23,446,464,189,64,766,968,15,541,772]
coordinatesy:[863,327,96,859,206,680,521,276,50,264]
ncities:10
maxdistance:-1
distancevector:[0,408,378,636,636,348,152,369,573,643,408,0,775,1044,895,663,553,315,758,909,378,775,0,301,449,240,226,725,509,444,636,1044,301,0,659,531,494,930,770,646,636,895,449,659,0,291,536,996,184,20,348,663,240,531,291,0,247,715,283,296,152,553,226,494,536,247,0,508,515,540,369,315,725,930,996,715,508,0,907,1005,573,758,509,770,184,283,515,907,0,205,643,909,444,646,20,296,540,1005,205,0]
solution:3129
