cities:[0,1,2,3,4,5,6,7,8,9]
coordinatesx:[120,632,82,820,60,702,235,753,354,463]
coordinatesy:[908,301,285,268,849,836,534,563,49,892]
ncities:10
maxdistance:-1
distancevector:[0,549,588,408,500,228,79,233,667,465,549,0,1087,624,480,774,628,458,750,593,588,1087,0,920,783,391,526,635,727,648,408,624,920,0,837,532,426,597,1052,846,500,480,783,837,0,633,552,266,270,144,228,774,391,532,633,0,151,389,722,549,79,628,526,426,552,151,0,288,694,499,233,458,635,597,266,389,288,0,454,248,667,750,727,1052,270,722,694,454,0,206,465,593,648,846,144,549,499,248,206,0]
solution:3454
