cities:[0,1,2,3,4,5,6,7,8,9]
coordinatesx:[839,271,983,738,28,530,607,202,907,200]
coordinatesy:[7,574,541,693,455,915,56,99,673,808]
ncities:10
maxdistance:-1
distancevector:[0,802,553,693,926,959,237,643,669,1024,802,0,712,481,270,428,617,479,643,244,553,712,0,288,958,587,613,897,152,827,693,481,288,0,748,304,650,800,170,550,926,270,958,748,0,680,703,396,905,392,959,428,587,304,680,0,862,879,447,346,237,617,613,650,703,862,0,407,686,855,643,479,897,800,396,879,407,0,909,709,669,643,152,170,905,447,686,909,0,719,1024,244,827,550,392,346,855,709,719,0]
solution:3079
