cities:[0,1,2,3,4,5,6,7,8,9]
coordinatesx:[791,568,207,381,204,133,435,698,857,914]
coordinatesy:[61,797,162,554,450,483,128,265,569,266]
ncities:10
maxdistance:-1
distancevector:[0,920,902,704,127,1209,921,599,1104,76,920,0,167,514,865,345,153,547,193,940,902,167,0,631,826,306,318,432,237,936,704,514,631,0,726,856,400,738,688,682,127,865,826,726,0,1132,887,487,1041,202,1209,345,306,856,1132,0,464,708,175,1242,921,153,318,400,887,464,0,646,291,930,599,547,432,738,487,708,646,0,670,658,1104,193,237,688,1041,175,291,670,0,1129,76,940,936,682,202,1242,930,658,1129,0]
solution:3031
