cities:[0,1,2,3,4,5,6,7,8,9]
coordinatesx:[229,497,785,337,992,63,596,498,859,788]
coordinatesy:[349,330,320,469,237,295,360,59,101,461]
ncities:10
maxdistance:-1
distancevector:[0,268,556,161,771,174,367,395,677,570,268,0,288,211,503,435,103,271,428,319,556,288,0,472,223,722,193,387,231,141,161,211,472,0,694,324,281,440,638,451,771,503,223,694,0,930,414,525,190,302,174,435,722,324,930,0,536,494,819,743,367,103,193,281,414,536,0,316,369,216,395,271,387,440,525,494,316,0,363,495,677,428,231,638,190,819,369,363,0,366,570,319,141,451,302,743,216,495,366,0]
solution:2276
