cities:[0,1,2,3,4,5,6,7,8,9]
coordinatesx:[226,871,980,777,559,225,444,663,926,60]
coordinatesy:[257,169,783,44,141,530,869,843,298,211]
ncities:10
maxdistance:-1
distancevector:[0,259,511,377,228,426,584,300,455,581,259,0,507,319,131,186,522,545,427,573,511,507,0,189,611,475,127,545,82,1054,377,319,189,0,431,294,214,512,108,879,228,131,611,431,0,309,642,528,536,449,426,186,475,294,309,0,444,684,393,719,584,522,127,214,642,444,0,660,133,1091,300,545,545,512,528,684,660,0,532,808,455,427,82,108,536,393,133,532,0,982,581,573,1054,879,449,719,1091,808,982,0]
solution:2854
