cities:[0,1,2,3,4,5,6,7,8,9]
coordinatesx:[408,145,743,104,529,932,788,600,874,399]
coordinatesy:[665,696,505,586,96,718,824,477,899,313]
ncities:10
maxdistance:-1
distancevector:[0,704,882,382,597,118,764,762,699,689,704,0,180,637,393,585,400,500,547,81,882,180,0,779,490,764,485,596,615,203,382,637,779,0,327,353,886,930,355,580,597,393,490,327,0,506,746,825,169,316,118,585,764,353,506,0,662,671,627,572,764,400,485,886,746,662,0,112,914,477,762,500,596,930,825,671,112,0,994,574,699,547,615,355,169,627,914,994,0,467,689,81,203,580,316,572,477,574,467,0]
solution:2869
