cities:[0,1,2,3,4,5,6,7,8,9]
coordinatesx:[601,131,479,291,200,287,95,611,217,965]
coordinatesy:[445,289,746,891,358,675,719,23,116,810]
ncities:10
maxdistance:-1
distancevector:[0,495,324,543,410,389,575,422,505,515,495,0,574,622,97,416,431,548,193,983,324,574,0,237,477,204,384,734,682,490,543,622,237,0,540,216,260,925,778,678,410,97,477,540,0,328,375,530,242,888,389,416,204,216,328,0,196,728,563,691,575,431,384,260,375,196,0,866,615,874,422,548,734,925,530,728,866,0,404,862,505,193,682,778,242,563,615,404,0,1020,515,983,490,678,888,691,874,862,1020,0]
solution:3142
