cities:[0,1,2,3,4,5,6,7,8,9]
coordinatesx:[887,435,116,578,998,962,182,719,488,1]
coordinatesy:[485,935,983,168,185,943,186,822,861,369]
ncities:10
maxdistance:-1
distancevector:[0,359,902,886,251,734,1041,776,96,944,359,0,544,564,137,594,683,508,359,651,902,544,0,371,671,791,189,523,889,510,886,564,371,0,635,479,313,197,913,140,251,137,671,635,0,554,797,538,283,700,734,594,791,479,554,0,788,284,806,413,1041,683,189,313,797,788,0,504,1040,429,776,508,523,197,538,284,504,0,821,174,96,359,889,913,283,806,1040,821,0,983,944,651,510,140,700,413,429,174,983,0]
solution:2894
