cities:[0,1,2,3,4,5,6,7,8,9]
coordinatesx:[367,368,358,597,618,810,730,107,63,880]
coordinatesy:[741,940,236,735,403,861,265,70,847,203]
ncities:10
maxdistance:-1
distancevector:[0,199,505,230,421,458,598,719,321,743,199,0,704,307,592,449,765,908,318,897,505,704,0,553,309,771,373,300,678,523,230,307,553,0,332,247,488,826,545,602,421,592,309,332,0,496,177,609,710,329,458,449,771,247,496,0,601,1058,747,661,598,765,373,488,177,601,0,652,885,162,719,908,300,826,609,1058,652,0,778,784,321,318,678,545,710,747,885,778,0,1040,743,897,523,602,329,661,162,784,1040,0]
solution:3381
