cities:[0,1,2,3,4,5,6,7,8,9]
coordinatesx:[208,74,779,225,660,231,735,508,919,547]
coordinatesy:[637,885,738,389,837,911,152,452,412,163]
ncities:10
maxdistance:-1
distancevector:[0,281,579,248,494,274,716,352,745,582,281,0,720,518,587,159,987,613,968,863,579,720,0,654,154,574,587,394,354,620,248,518,654,0,624,522,562,289,694,393,494,587,154,624,0,435,689,413,497,683,274,159,574,522,435,0,911,536,849,812,716,987,587,562,689,911,0,376,318,188,352,613,394,289,413,536,376,0,412,291,745,968,354,694,497,849,318,412,0,447,582,863,620,393,683,812,188,291,447,0]
solution:2717
