cities:[0,1,2,3,4,5,6,7,8,9]
coordinatesx:[921,57,349,892,445,528,811,362,92,694]
coordinatesy:[729,612,915,320,157,114,862,35,915,787]
ncities:10
maxdistance:-1
distancevector:[0,88,279,569,500,300,318,222,463,100,88,0,360,563,428,244,384,223,390,188,279,360,0,548,690,573,111,450,657,184,569,563,548,0,458,783,446,783,455,573,500,428,690,458,0,514,646,616,37,579,300,244,573,783,514,0,619,176,480,389,318,384,111,446,646,619,0,520,617,244,222,223,450,783,616,176,520,0,579,275,463,390,657,455,37,480,617,579,0,543,100,188,184,573,579,389,244,275,543,0]
solution:2303
