cities:[0,1,2,3,4,5,6,7,8,9]
coordinatesx:[652,460,73,321,109,984,684,267,214,970]
coordinatesy:[311,7,230,584,980,777,827,740,512,229]
ncities:10
maxdistance:-1
distancevector:[0,359,584,429,861,572,516,576,481,328,359,0,446,593,1034,931,850,757,561,556,584,446,0,432,750,1062,854,545,315,897,429,593,432,0,449,690,436,165,128,739,861,1034,750,449,0,898,595,287,479,1142,572,931,1062,690,898,0,304,717,814,548,516,850,854,436,595,304,0,425,565,662,576,757,545,165,287,717,425,0,234,869,481,561,315,128,479,814,565,234,0,807,328,556,897,739,1142,548,662,869,807,0]
solution:3475
