cities:[0,1,2,3,4,5,6,7,8,9]
coordinatesx:[996,719,231,937,30,352,316,520,399,965]
coordinatesy:[356,846,518,557,288,92,795,566,471,872]
ncities:10
maxdistance:-1
distancevector:[0,883,350,803,534,851,828,552,772,1045,883,0,1005,1058,732,190,856,353,151,915,350,1005,0,498,374,907,604,748,864,831,803,1058,498,0,364,892,250,955,909,420,534,732,374,364,0,592,297,591,581,511,851,190,907,892,592,0,678,401,108,726,828,856,604,250,297,678,0,823,714,227,552,353,748,955,591,401,823,0,294,963,772,151,864,909,581,108,714,294,0,791,1045,915,831,420,511,726,227,963,791,0]
solution:3455
