cities:[0,1,2,3,4,5,6,7,8,9]
coordinatesx:[560,377,925,775,568,946,85,953,39,770]
coordinatesy:[912,183,342,846,61,40,582,836,966,667]
ncities:10
maxdistance:-1
distancevector:[0,287,716,120,545,649,262,969,131,816,287,0,457,226,326,501,25,695,390,591,716,457,0,613,198,327,478,262,836,183,120,226,613,0,433,528,202,870,251,701,545,326,198,433,0,214,340,459,672,272,649,501,327,528,214,0,508,542,780,258,262,25,478,202,340,508,0,719,365,607,969,695,262,870,459,542,719,0,1083,297,131,390,836,251,672,780,365,1083,0,943,816,591,183,701,272,258,607,297,943,0]
solution:2510
