cities:[0,1,2,3,4,5,6,7,8,9]
coordinatesx:[170,482,818,574,144,335,234,753,39,825]
coordinatesy:[247,758,736,357,130,732,213,521,908,241]
ncities:10
maxdistance:-1
distancevector:[0,598,811,418,119,512,72,644,673,655,598,0,336,411,713,149,598,360,467,620,811,336,0,450,906,483,783,224,797,495,418,411,450,0,486,444,369,242,768,276,119,713,906,486,0,631,122,723,785,689,512,149,483,444,631,0,528,468,344,693,72,598,783,369,122,528,0,603,721,591,644,360,224,242,723,468,603,0,812,289,673,467,797,768,785,344,721,812,0,1030,655,620,495,276,689,693,591,289,1030,0]
solution:2901
