cities:[0,1,2,3,4,5,6,7,8,9]
coordinatesx:[170,482,818,574,144,335,234,753,39,825]
coordinatesy:[247,758,736,357,130,732,213,521,908,241]
ncities:10
maxdistance:-1
distancevector:[0,738,491,237,784,287,277,797,1086,710,738,0,402,576,717,451,461,623,935,854,491,402,0,469,401,289,284,357,688,473,237,576,469,0,843,180,185,822,1143,829,784,717,401,843,0,673,664,116,302,222,287,451,289,180,673,0,15,644,970,685,277,461,284,185,664,15,0,638,962,672,797,623,357,822,116,644,638,0,334,331,1086,935,688,1143,302,970,962,334,0,433,710,854,473,829,222,685,672,331,433,0]
solution:3208
