cities:[0,1,2,3,4,5,6,7,8,9]
coordinatesx:[435,826,38,153,341,55,559,924,372,940]
coordinatesy:[144,767,767,993,483,351,56,313,798,81]
ncities:10
maxdistance:-1
distancevector:[0,735,738,894,351,432,152,517,657,508,735,0,788,709,562,876,759,464,455,695,738,788,0,253,415,416,881,995,335,1133,894,709,253,0,543,649,1021,1028,293,1204,351,562,415,543,0,314,479,607,316,721,432,876,416,649,314,0,583,869,547,925,152,759,881,1021,479,583,0,446,765,381,517,464,995,1028,607,869,446,0,734,232,657,455,335,293,316,547,765,734,0,914,508,695,1133,1204,721,925,381,232,914,0]
solution:3311
