cities:[0,1,2,3,4,5,6,7,8,9]
coordinatesx:[926,736,776,879,183,418,469,241,493,996]
coordinatesy:[289,349,660,46,850,411,109,510,182,455]
ncities:10
maxdistance:-1
distancevector:[0,516,395,522,528,214,598,520,360,558,516,0,122,73,676,367,233,210,263,228,395,122,0,134,619,265,266,208,174,241,522,73,134,0,734,399,161,138,222,155,528,676,619,734,0,403,885,826,730,861,214,367,265,399,403,0,522,453,332,490,598,233,266,161,885,522,0,78,242,43,520,210,208,138,826,453,78,0,164,38,360,263,174,222,730,332,242,164,0,200,558,228,241,155,861,490,43,38,200,0]
solution:2157
