cities:[0,1,2,3,4,5,6,7,8,9]
coordinatesx:[307,80,991,557,53,595,199,549,394,457]
coordinatesy:[734,537,574,25,201,952,448,640,280,16]
ncities:10
maxdistance:-1
distancevector:[0,300,702,751,590,361,305,259,462,733,300,0,911,699,337,661,148,480,405,643,702,911,0,699,1009,547,801,446,665,772,751,699,699,0,533,927,554,615,302,100,590,337,1009,533,0,926,286,662,350,444,361,661,547,927,926,0,640,315,701,946,305,148,801,554,286,640,0,399,257,503,259,480,446,615,662,315,399,0,391,630,462,405,665,302,350,701,257,391,0,271,733,643,772,100,444,946,503,630,271,0]
solution:3275
