cities:[0,1,2,3,4,5,6,7,8,9]
coordinatesx:[128,967,748,894,83,412,718,250,790,269]
coordinatesy:[504,745,286,635,188,643,423,259,778,922]
ncities:10
maxdistance:-1
distancevector:[0,268,227,268,337,448,392,621,283,401,268,0,463,178,603,538,560,843,374,650,227,463,0,495,190,615,202,634,230,188,268,178,495,0,585,368,644,721,488,667,337,603,190,585,0,586,342,480,421,135,448,538,615,368,586,0,813,443,732,714,392,560,202,644,342,813,0,818,201,250,621,843,634,721,480,443,818,0,846,605,283,374,230,488,421,732,201,846,0,387,401,650,188,667,135,714,250,605,387,0]
solution:2746
