cities:[0,1,2,3,4,5,6,7,8,9,10,11,12,13,14,15,16,17,18,19]
coordinatesx:[735,55,992,544,138,118,676,392,541,935,580,496,7,353,422,89,949,216,218,136]
coordinatesy:[578,144,79,554,774,997,445,851,154,80,862,42,714,172,125,624,599,470,45,877]
ncities:20
maxdistance:3890
distancevector:[0,806,561,192,628,745,145,438,466,536,323,586,740,557,550,647,215,530,742,669,806,0,939,638,635,855,690,783,486,882,889,452,572,299,367,481,1003,363,190,737,561,939,0,652,1101,1267,483,977,457,57,884,497,1171,645,571,1054,521,868,774,1170,192,638,652,0,461,614,171,333,400,614,310,514,560,427,446,460,407,338,604,520,628,635,1101,461,0,223,630,265,739,1056,450,814,144,639,708,157,829,313,733,103,745,855,1267,614,223,0,784,310,943,1228,481,1027,303,857,923,374,921,536,957,121,145,690,483,171,630,784,0,495,320,447,427,441,721,422,408,613,313,460,608,691,438,783,977,333,265,310,495,0,712,943,188,815,408,680,726,378,611,419,824,257,466,486,457,400,739,943,320,712,0,400,709,120,773,188,122,652,603,453,340,828,536,882,57,614,1056,1228,447,943,400,0,858,440,1123,589,514,1005,519,817,717,1128,323,889,884,310,450,481,427,188,709,858,0,824,591,726,753,545,453,534,893,444,586,452,497,514,814,1027,441,815,120,440,824,0,831,193,111,710,717,511,278,909,740,572,1171,560,144,303,721,408,773,1123,591,831,0,643,720,121,948,321,701,207,557,299,645,427,639,857,422,680,188,589,726,193,643,0,83,523,733,327,185,737,550,367,571,446,708,923,408,726,122,514,753,111,720,83,0,599,708,401,219,804,647,481,1054,460,157,374,613,378,652,1005,545,710,121,523,599,0,860,199,593,257,215,1003,521,407,829,921,313,611,603,519,453,717,948,733,708,860,0,744,917,859,530,363,868,338,313,536,460,419,453,817,534,511,321,327,401,199,744,0,425,414,742,190,774,604,733,957,608,824,340,717,893,278,701,185,219,593,917,425,0,836,669,737,1170,520,103,121,691,257,828,1128,444,909,207,737,804,257,859,414,836,0]
solution:0
param:0.87
MZN:/Users/nitiny/kpc/output/cases/tsp/tsp-20-2/mzn/5/5-0.87.dzn
type:1
