cities:[0,1,2,3,4,5,6,7,8,9]
coordinatesx:[608,586,445,894,860,109,584,979,320,352]
coordinatesy:[439,986,51,801,39,253,895,627,585,264]
ncities:10
maxdistance:-1
distancevector:[0,465,613,408,595,48,396,457,223,782,465,0,196,426,150,458,77,439,402,689,613,196,0,622,233,594,268,632,590,859,408,426,622,0,454,445,361,50,185,375,595,150,233,454,0,595,201,450,488,633,48,458,594,445,595,0,393,494,261,820,396,77,268,361,201,393,0,380,325,652,457,439,632,50,450,494,380,0,235,327,223,402,590,185,488,261,325,235,0,559,782,689,859,375,633,820,652,327,559,0]
solution:2365
