cities:[0,1,2,3,4,5,6,7,8,9]
coordinatesx:[53,109,761,270,615,660,289,109,671,333]
coordinatesy:[893,66,560,250,162,986,855,614,482,962]
ncities:10
maxdistance:-1
distancevector:[0,370,461,962,542,466,507,412,111,552,370,0,349,1056,755,581,726,642,259,255,461,349,0,723,522,311,504,452,388,237,962,1056,723,0,465,503,497,577,968,942,542,755,522,465,0,213,34,130,582,754,466,581,311,503,213,0,201,181,465,546,507,726,504,497,34,201,0,95,549,734,412,642,452,577,130,181,95,0,455,672,111,259,388,968,582,465,549,455,0,447,552,255,237,942,754,546,734,672,447,0]
solution:2682
