cities:[0,1,2,3,4,5,6,7,8,9]
coordinatesx:[618,135,640,743,919,8,456,491,838,134]
coordinatesy:[334,26,8,164,331,835,703,892,992,876]
ncities:10
maxdistance:-1
distancevector:[0,572,326,211,301,789,402,572,693,726,572,0,505,623,841,818,749,936,1194,850,326,505,0,186,426,1040,718,896,1003,1004,211,623,186,0,242,995,610,770,833,936,301,841,426,242,0,1041,593,705,665,955,789,818,1040,995,1041,0,467,486,844,132,402,749,718,610,593,467,0,192,479,365,572,936,896,770,705,486,192,0,361,357,693,1194,1003,833,665,844,479,361,0,713,726,850,1004,936,955,132,365,357,713,0]
solution:3736
