cities:[0,1,2,3,4,5,6,7,8,9]
coordinatesx:[567,44,903,32,143,394,773,944,904,462]
coordinatesy:[17,215,668,829,324,724,783,31,203,449]
ncities:10
maxdistance:-1
distancevector:[0,559,732,972,523,727,793,377,384,444,559,0,971,614,147,617,924,918,860,479,732,971,0,885,834,512,173,638,465,492,972,614,885,0,517,376,742,1211,1073,573,523,147,834,517,0,472,779,852,770,342,727,617,512,376,472,0,383,884,729,283,793,924,173,742,779,383,0,771,594,456,377,918,638,1211,852,884,771,0,176,638,384,860,465,1073,770,729,594,176,0,505,444,479,492,573,342,283,456,638,505,0]
solution:3497
