cities:[0,1,2,3,4,5,6,7,8,9]
coordinatesx:[172,584,842,818,868,377,313,901,378,51]
coordinatesy:[942,366,320,596,966,615,7,172,798,277]
ncities:10
maxdistance:-1
distancevector:[0,708,914,732,696,385,945,1060,251,675,708,0,262,328,663,323,449,371,478,540,914,262,0,277,646,550,614,159,666,792,732,328,277,0,373,441,775,432,484,830,696,663,646,373,0,603,1108,794,518,1068,385,323,550,441,603,0,611,686,183,469,945,449,614,775,1108,611,0,610,793,376,1060,371,159,432,794,686,610,0,815,856,251,478,666,484,518,183,793,815,0,615,675,540,792,830,1068,469,376,856,615,0]
solution:3604
