cities:[0,1,2,3,4,5,6,7,8,9]
coordinatesx:[346,119,945,647,66,352,834,818,255,773]
coordinatesy:[243,977,62,917,797,522,821,703,406,116]
ncities:10
maxdistance:-1
distancevector:[0,673,559,421,893,972,712,913,548,593,673,0,217,270,909,402,81,445,833,98,559,217,0,271,704,413,198,376,620,227,421,270,271,0,917,641,330,638,724,178,893,909,704,917,0,795,859,643,396,931,972,402,413,641,795,0,323,152,903,496,712,81,198,330,859,323,0,365,816,173,913,445,376,638,643,152,365,0,774,526,548,833,620,724,396,903,816,774,0,811,593,98,227,178,931,496,173,526,811,0]
solution:3128
