cities:[0,1,2,3,4,5,6,7,8,9]
coordinatesx:[475,964,742,63,295,757,703,835,207,105]
coordinatesy:[826,484,107,600,123,986,27,847,646,716]
ncities:10
maxdistance:-1
distancevector:[0,596,766,469,725,324,830,360,322,386,596,0,437,908,760,543,526,385,774,889,766,437,0,839,447,879,89,745,759,881,469,908,839,0,530,794,859,810,151,123,725,760,447,530,0,978,419,903,530,622,324,543,879,794,978,0,960,159,646,705,830,526,89,859,419,960,0,830,793,912,360,385,745,810,903,159,830,0,659,741,322,774,759,151,530,646,793,659,0,123,386,889,881,123,622,705,912,741,123,0]
solution:2911
