cities:[0,1,2,3,4,5,6,7,8,9]
coordinatesx:[375,788,84,20,518,404,645,437,146,70]
coordinatesy:[24,278,679,176,130,342,673,258,531,130]
ncities:10
maxdistance:-1
distancevector:[0,629,875,609,134,434,788,297,631,630,629,0,306,590,495,223,746,772,83,506,875,306,0,594,749,521,682,940,258,489,609,590,594,0,559,606,191,479,518,104,134,495,749,559,0,300,748,370,500,559,434,223,521,606,300,0,790,635,264,553,788,746,682,191,748,790,0,616,667,242,297,772,940,479,370,635,616,0,742,546,631,83,258,518,500,264,667,742,0,429,630,506,489,104,559,553,242,546,429,0]
solution:2695
