cities:[0,1,2,3,4,5,6,7,8,9]
coordinatesx:[839,271,983,738,28,530,607,202,907,200]
coordinatesy:[7,574,541,693,455,915,56,99,673,808]
ncities:10
maxdistance:-1
distancevector:[0,716,891,856,387,684,586,738,947,684,716,0,214,321,678,806,167,428,293,630,891,214,0,457,771,823,305,386,81,626,856,321,457,0,938,1110,461,750,533,944,387,678,771,938,0,297,510,471,797,325,684,806,823,1110,297,0,650,443,820,200,586,167,305,461,510,650,0,321,364,485,738,428,386,750,471,443,321,0,376,243,947,293,81,533,797,820,364,376,0,620,684,630,626,944,325,200,485,243,620,0]
solution:3115
