cities:[0,1,2,3,4,5,6,7,8,9,10,11,12,13,14,15,16,17,18,19]
coordinatesx:[75,395,310,459,575,190,825,596,308,936,761,82,472,278,595,192,959,113,978,686]
coordinatesy:[332,315,664,893,521,302,971,374,519,470,415,872,791,229,687,285,253,117,159,973]
ncities:20
maxdistance:3890
distancevector:[0,320,406,679,534,118,985,522,298,871,691,540,606,227,629,126,887,218,919,885,320,0,359,581,273,205,784,209,221,562,379,638,482,145,422,205,567,344,603,719,406,359,0,273,301,381,599,407,145,655,515,308,205,436,285,396,768,581,837,486,679,581,273,0,389,649,374,536,403,637,565,377,102,688,246,664,812,849,898,240,534,273,301,389,0,442,514,148,267,364,214,605,288,416,167,449,468,613,541,465,118,205,381,649,442,0,922,412,247,764,582,580,564,114,558,17,770,200,800,834,985,784,599,374,514,922,0,639,686,513,559,749,396,921,365,933,730,1111,826,139,522,209,407,536,148,412,639,0,322,353,170,715,435,349,313,413,382,547,438,605,298,221,145,403,267,247,686,322,0,629,464,419,317,291,332,261,703,446,760,590,871,562,655,637,364,764,513,353,629,0,183,943,564,700,404,766,218,895,313,561,691,379,515,565,214,582,559,170,464,183,0,818,474,517,318,583,255,713,335,563,540,638,308,377,605,580,749,715,419,943,818,0,398,672,545,597,1073,755,1145,612,606,482,205,102,288,564,396,435,317,564,474,398,0,594,161,578,725,763,809,280,227,145,436,688,416,114,921,349,291,700,517,672,594,0,557,102,681,199,703,848,629,422,285,246,167,558,365,313,332,404,318,545,161,557,0,569,566,746,652,300,126,205,396,664,449,17,933,413,261,766,583,597,578,102,569,0,767,185,796,846,887,567,768,812,468,770,730,382,703,218,255,1073,725,681,566,767,0,856,95,770,218,344,581,849,613,200,1111,547,446,895,713,755,763,199,746,185,856,0,866,1030,919,603,837,898,541,800,826,438,760,313,335,1145,809,703,652,796,95,866,0,864,885,719,486,240,465,834,139,605,590,561,563,612,280,848,300,846,770,1030,864,0]
solution:0
param:0.87
MZN:/Users/nitiny/kpc/output/cases/tsp/tsp-20-2/mzn/13/13-0.87.dzn
type:3
