cities:[0,1,2,3,4,5,6,7,8,9]
coordinatesx:[346,119,945,647,66,352,834,818,255,773]
coordinatesy:[243,977,62,917,797,522,821,703,406,116]
ncities:10
maxdistance:-1
distancevector:[0,768,625,738,620,279,756,659,186,445,768,0,1232,531,187,511,731,750,586,1081,625,1232,0,905,1145,750,767,653,770,180,738,531,905,0,593,493,210,273,644,810,620,187,1145,593,0,396,768,757,434,981,279,511,750,493,396,0,567,499,151,584,756,731,767,210,768,567,0,119,712,707,659,750,653,273,757,499,119,0,636,588,186,586,770,644,434,151,712,636,0,593,445,1081,180,810,981,584,707,588,593,0]
solution:3058
