cities:[0,1,2,3,4,5,6,7,8,9]
coordinatesx:[208,74,779,225,660,231,735,508,919,547]
coordinatesy:[637,885,738,389,837,911,152,452,412,163]
ncities:10
maxdistance:-1
distancevector:[0,355,691,450,231,90,116,401,589,723,355,0,616,234,416,423,385,358,437,447,691,616,0,850,900,667,801,297,1054,410,450,234,850,0,376,538,415,588,204,633,231,416,900,376,0,305,117,603,437,853,90,423,667,538,305,0,187,392,679,750,116,385,801,415,117,187,0,507,519,796,401,358,297,588,603,392,507,0,788,408,589,437,1054,204,437,679,519,788,0,822,723,447,410,633,853,750,796,408,822,0]
solution:2744
