cities:[0,1,2,3,4,5,6,7,8,9]
coordinatesx:[258,318,143,368,861,222,24,868,671,405]
coordinatesy:[529,46,387,449,939,841,718,354,147,730]
ncities:10
maxdistance:-1
distancevector:[0,136,500,332,611,929,657,737,882,427,136,0,364,349,611,851,629,641,797,512,500,364,0,543,694,673,639,430,602,781,332,349,543,0,279,679,341,550,651,251,611,611,694,279,0,522,131,499,523,379,929,851,673,679,522,0,391,242,74,879,657,629,639,341,131,391,0,380,392,496,737,641,430,550,499,242,380,0,172,786,882,797,602,651,523,74,392,172,0,864,427,512,781,251,379,879,496,786,864,0]
solution:2655
