cities:[0,1,2,3,4,5,6,7,8,9]
coordinatesx:[99,346,452,658,521,302,46,15,393,865]
coordinatesy:[81,190,798,314,775,627,776,940,291,536]
ncities:10
maxdistance:-1
distancevector:[0,269,799,605,812,582,697,863,361,890,269,0,617,335,610,439,658,819,111,623,799,617,0,526,72,227,406,459,510,489,605,335,526,0,480,474,766,897,265,303,812,610,72,480,0,264,475,532,500,418,582,439,227,474,264,0,296,424,348,570,697,658,406,766,475,296,0,166,596,853,863,819,459,897,532,424,166,0,751,941,361,111,510,265,500,348,596,751,0,531,890,623,489,303,418,570,853,941,531,0]
solution:2941
