cities:[0,1,2,3,4,5,6,7,8,9]
coordinatesx:[37,577,388,765,125,646,144,632,844,911]
coordinatesy:[372,338,108,390,35,310,372,73,6,227]
ncities:10
maxdistance:-1
distancevector:[0,541,439,728,348,612,107,665,886,885,541,0,297,195,544,74,434,270,426,351,439,297,0,470,272,327,359,246,467,536,728,195,470,0,731,143,621,343,392,218,348,544,272,731,0,589,337,508,719,809,612,74,327,143,589,0,505,237,362,277,107,434,359,621,337,505,0,572,789,780,665,270,246,343,508,237,572,0,222,318,886,426,467,392,719,362,789,222,0,230,885,351,536,218,809,277,780,318,230,0]
solution:2294
