cities:[0,1,2,3,4,5,6,7,8,9]
coordinatesx:[332,970,250,701,987,513,70,67,611,641]
coordinatesy:[229,198,508,141,114,117,832,378,989,641]
ncities:10
maxdistance:-1
distancevector:[0,336,984,720,372,235,231,386,723,269,336,0,380,860,403,907,825,517,377,643,984,380,0,460,191,125,790,175,604,794,720,860,460,0,664,739,119,998,62,157,372,403,191,664,0,978,557,490,567,97,235,907,125,739,978,0,405,330,830,46,231,825,790,119,557,405,0,581,614,437,386,517,175,998,490,330,581,0,961,491,723,377,604,62,567,830,614,961,0,215,269,643,794,157,97,46,437,491,215,0]
solution:2021
