cities:[0,1,2,3,4,5,6,7,8,9]
coordinatesx:[986,128,588,794,121,824,609,305,300,335]
coordinatesy:[335,975,199,386,82,710,3,461,707,983]
ncities:10
maxdistance:-1
distancevector:[0,406,384,219,499,974,998,496,847,755,406,0,758,814,967,537,834,54,184,39,384,758,0,277,727,322,749,267,301,787,219,814,277,0,728,208,963,215,94,804,499,967,727,728,0,395,149,463,700,977,974,537,322,208,395,0,521,841,32,932,998,834,749,963,149,521,0,644,399,130,496,54,267,215,463,841,644,0,964,676,847,184,301,94,700,32,399,964,0,686,755,39,787,804,977,932,130,676,686,0]
solution:1763
