cities:[0,1,2,3,4,5,6,7,8,9]
coordinatesx:[362,421,21,651,857,250,870,969,465,168]
coordinatesy:[225,446,334,844,63,10,261,148,774,958]
ncities:10
maxdistance:-1
distancevector:[0,26,43,97,227,460,59,967,768,172,26,0,349,387,681,111,120,11,610,361,43,349,0,558,453,291,387,724,866,197,97,387,558,0,423,7,326,781,672,13,227,681,453,423,0,884,653,179,83,511,460,111,291,7,884,0,92,105,248,129,59,120,387,326,653,92,0,912,184,474,967,11,724,781,179,105,912,0,333,772,768,610,866,672,83,248,184,333,0,928,172,361,197,13,511,129,474,772,928,0]
solution:835
