cities:[0,1,2,3,4,5,6,7,8,9]
coordinatesx:[85,204,396,903,843,585,203,358,819,234]
coordinatesy:[47,3,260,721,101,853,470,695,308,933]
ncities:10
maxdistance:-1
distancevector:[0,805,680,847,982,828,960,841,778,756,805,0,25,87,888,861,986,625,481,792,680,25,0,488,943,18,483,15,779,152,847,87,488,0,526,233,405,738,386,789,982,888,943,526,0,358,319,756,979,52,828,861,18,233,358,0,115,335,965,601,960,986,483,405,319,115,0,921,186,442,841,625,15,738,756,335,921,0,730,378,778,481,779,386,979,965,186,730,0,873,756,792,152,789,52,601,442,378,873,0]
solution:2821
