cities:[0,1,2,3,4,5,6,7,8,9]
coordinatesx:[641,575,965,563,349,563,744,71,674,341]
coordinatesy:[824,275,678,99,908,665,537,27,75,761]
ncities:10
maxdistance:-1
distancevector:[0,856,365,395,733,415,442,151,986,271,856,0,466,704,323,620,677,207,915,388,365,466,0,751,925,661,903,146,191,730,395,704,751,0,387,241,781,447,537,323,733,323,925,387,0,852,69,475,620,702,415,620,661,241,852,0,430,112,958,111,442,677,903,781,69,430,0,740,146,60,151,207,146,447,475,112,740,0,3,485,986,915,191,537,620,958,146,3,0,812,271,388,730,323,702,111,60,485,812,0]
solution:1965
