cities:[0,1,2,3,4,5,6,7,8,9]
coordinatesx:[635,734,398,162,34,182,689,450,609,585]
coordinatesy:[937,266,952,580,232,189,35,194,385,679]
ncities:10
maxdistance:-1
distancevector:[0,133,518,274,211,199,684,120,690,109,133,0,297,111,13,21,866,36,259,639,518,297,0,180,925,706,900,699,90,916,274,111,180,0,867,321,264,667,74,752,211,13,925,867,0,614,856,493,581,590,199,21,706,321,614,0,660,339,518,882,684,866,900,264,856,660,0,845,30,226,120,36,699,667,493,339,845,0,405,533,690,259,90,74,581,518,30,405,0,365,109,639,916,752,590,882,226,533,365,0]
solution:1555
