cities:[0,1,2,3,4,5,6,7,8,9]
coordinatesx:[776,290,866,284,59,224,244,451,390,54]
coordinatesy:[448,871,204,369,214,16,491,31,683,517]
ncities:10
maxdistance:-1
distancevector:[0,271,898,534,992,135,383,339,840,645,271,0,43,45,913,910,611,799,504,421,898,43,0,932,765,425,602,682,95,853,534,45,932,0,993,537,367,354,678,210,992,913,765,993,0,822,694,922,738,378,135,910,425,537,822,0,25,815,423,803,383,611,602,367,694,25,0,943,89,217,339,799,682,354,922,815,943,0,139,644,840,504,95,678,738,423,89,139,0,886,645,421,853,210,378,803,217,644,886,0]
solution:2103
