cities:[0,1,2,3,4,5,6,7,8,9]
coordinatesx:[856,165,692,686,608,914,237,346,587,500]
coordinatesy:[983,883,104,193,787,374,628,878,324,16]
ncities:10
maxdistance:-1
distancevector:[0,304,244,127,211,214,142,267,263,76,304,0,170,872,21,92,515,624,770,389,244,170,0,317,489,574,573,962,880,376,127,872,317,0,545,546,343,469,828,136,211,21,489,545,0,293,765,107,692,53,214,92,574,546,293,0,389,793,605,854,142,515,573,343,765,389,0,486,758,902,267,624,962,469,107,793,486,0,565,399,263,770,880,828,692,605,758,565,0,945,76,389,376,136,53,854,902,399,945,0]
solution:2234
