cities:[0,1,2,3,4,5,6,7,8,9]
coordinatesx:[898,476,969,365,393,972,665,511,306,167]
coordinatesy:[183,958,673,5,864,959,62,420,909,268]
ncities:10
maxdistance:-1
distancevector:[0,748,595,315,659,507,423,683,738,175,748,0,538,754,626,209,163,264,180,13,595,538,0,985,480,485,178,883,562,616,315,754,985,0,127,346,909,26,335,969,659,626,480,127,0,358,61,732,925,956,507,209,485,346,358,0,114,317,919,777,423,163,178,909,61,114,0,953,974,862,683,264,883,26,732,317,953,0,856,553,738,180,562,335,925,919,974,856,0,817,175,13,616,969,956,777,862,553,817,0]
solution:2146
