cities:[0,1,2,3,4,5,6,7,8,9]
coordinatesx:[569,368,49,262,693,272,376,49,830,660]
coordinatesy:[578,128,635,28,106,725,313,217,735,303]
ncities:10
maxdistance:-1
distancevector:[0,52,554,40,815,641,290,954,159,515,52,0,414,994,674,961,835,627,266,180,554,414,0,536,726,51,591,851,444,591,40,994,536,0,534,263,562,83,422,259,815,674,726,534,0,781,986,113,399,582,641,961,51,263,781,0,827,798,265,622,290,835,591,562,986,827,0,947,638,995,954,627,851,83,113,798,947,0,655,344,159,266,444,422,399,265,638,655,0,950,515,180,591,259,582,622,995,344,950,0]
solution:2283
