cities:[0,1,2,3,4,5,6,7,8,9]
coordinatesx:[604,979,214,40,264,7,936,745,422,592]
coordinatesy:[118,220,664,426,219,79,865,421,60,672]
ncities:10
maxdistance:-1
distancevector:[0,977,612,270,784,73,379,844,881,776,977,0,982,595,61,686,826,929,132,802,612,982,0,322,626,932,765,959,633,360,270,595,322,0,760,13,272,435,654,537,784,61,626,760,0,771,168,908,432,181,73,686,932,13,771,0,687,712,974,508,379,826,765,272,168,687,0,401,275,242,844,929,959,435,908,712,401,0,825,465,881,132,633,654,432,974,275,825,0,200,776,802,360,537,181,508,242,465,200,0]
solution:2455
