cities:[0,1,2,3,4,5,6,7,8,9]
coordinatesx:[561,554,863,37,138,751,347,179,89,940]
coordinatesy:[70,779,453,734,697,947,214,905,3,122]
ncities:10
maxdistance:-1
distancevector:[0,559,65,183,442,936,858,34,275,497,559,0,886,407,92,10,181,101,349,663,65,886,0,384,982,419,186,198,534,488,183,407,384,0,442,885,32,221,321,934,442,92,982,442,0,393,624,316,274,636,936,10,419,885,393,0,882,586,716,605,858,181,186,32,624,882,0,380,180,167,34,101,198,221,316,586,380,0,686,486,275,349,534,321,274,716,180,686,0,890,497,663,488,934,636,605,167,486,890,0]
solution:1885
