cities:[0,1,2,3,4,5,6,7,8,9]
coordinatesx:[860,422,147,362,152,722,295,210,102,174]
coordinatesy:[399,239,766,90,32,504,818,5,382,611]
ncities:10
maxdistance:-1
distancevector:[0,256,480,392,338,576,283,651,645,577,256,0,184,47,196,752,412,536,224,613,480,184,0,450,449,115,581,448,676,879,392,47,450,0,734,590,460,622,726,716,338,196,449,734,0,20,147,109,886,766,576,752,115,590,20,0,267,203,638,178,283,412,581,460,147,267,0,813,403,74,651,536,448,622,109,203,813,0,448,412,645,224,676,726,886,638,403,448,0,634,577,613,879,716,766,178,74,412,634,0]
solution:2214
