cities:[0,1,2,3,4,5,6,7,8,9]
coordinatesx:[100,326,379,55,180,6,5,539,77,272]
coordinatesy:[206,842,117,644,527,709,53,753,710,1000]
ncities:10
maxdistance:-1
distancevector:[0,983,393,29,192,942,212,214,268,124,983,0,23,905,111,386,913,614,148,555,393,23,0,710,523,736,699,514,978,800,29,905,710,0,582,788,499,920,867,815,192,111,523,582,0,397,39,797,493,758,942,386,736,788,397,0,806,167,187,68,212,913,699,499,39,806,0,420,514,26,214,614,514,920,797,167,420,0,943,812,268,148,978,867,493,187,514,943,0,127,124,555,800,815,758,68,26,812,127,0]
solution:1633
