cities:[0,1,2,3,4,5,6,7,8,9]
coordinatesx:[408,299,715,897,101,688,262,208,77,776]
coordinatesy:[57,752,498,618,451,26,330,565,35,398]
ncities:10
maxdistance:-1
distancevector:[0,289,660,529,711,16,342,369,233,774,289,0,995,303,227,711,287,600,615,731,660,995,0,327,320,735,713,177,986,676,529,303,327,0,216,32,509,309,846,702,711,227,320,216,0,282,292,186,577,420,16,711,735,32,282,0,305,374,563,293,342,287,713,509,292,305,0,428,541,197,369,600,177,309,186,374,428,0,436,520,233,615,986,846,577,563,541,436,0,54,774,731,676,702,420,293,197,520,54,0]
solution:1736
