cities:[0,1,2,3,4,5,6,7,8,9]
coordinatesx:[884,588,570,574,26,269,165,873,765,760]
coordinatesy:[835,644,761,917,355,816,110,121,576,221]
ncities:10
maxdistance:-1
distancevector:[0,386,901,439,958,701,547,822,694,195,386,0,358,90,63,520,436,110,337,627,901,358,0,101,75,526,115,59,789,93,439,90,101,0,327,778,422,337,558,559,958,63,75,327,0,227,972,324,419,696,701,520,526,778,227,0,53,216,614,714,547,436,115,422,972,53,0,763,948,395,822,110,59,337,324,216,763,0,910,697,694,337,789,558,419,614,948,910,0,651,195,627,93,559,696,714,395,697,651,0]
solution:2261
