cities:[0,1,2,3,4,5,6,7,8,9]
coordinatesx:[990,264,480,408,401,450,106,767,894,798]
coordinatesy:[801,106,973,971,755,607,275,540,485,1]
ncities:10
maxdistance:-1
distancevector:[0,89,917,472,421,64,696,170,718,222,89,0,238,873,798,361,499,413,624,259,917,238,0,999,586,71,581,282,683,952,472,873,999,0,976,430,286,975,268,414,421,798,586,976,0,909,229,542,873,652,64,361,71,430,909,0,855,673,323,689,696,499,581,286,229,855,0,983,215,812,170,413,282,975,542,673,983,0,937,392,718,624,683,268,873,323,215,937,0,590,222,259,952,414,652,689,812,392,590,0]
solution:2433
