cities:[0,1,2,3,4,5,6,7,8,9]
coordinatesx:[740,946,911,524,264,520,437,920,298,78]
coordinatesy:[168,25,856,95,3,351,618,733,354,73]
ncities:10
maxdistance:-1
distancevector:[0,287,381,954,671,693,758,720,218,465,287,0,395,148,749,974,928,591,37,523,381,395,0,88,786,832,273,388,922,232,954,148,88,0,912,243,914,840,799,351,671,749,786,912,0,897,544,328,84,296,693,974,832,243,897,0,913,72,315,823,758,928,273,914,544,913,0,147,248,179,720,591,388,840,328,72,147,0,635,253,218,37,922,799,84,315,248,635,0,930,465,523,232,351,296,823,179,253,930,0]
solution:1814
