cities:[0,1,2,3,4,5,6,7,8,9]
coordinatesx:[523,520,75,833,740,395,902,40,247,940]
coordinatesy:[912,640,604,528,403,233,120,208,438,332]
ncities:10
maxdistance:-1
distancevector:[0,247,517,127,666,182,617,898,534,435,247,0,679,115,877,184,671,828,448,985,517,679,0,314,994,140,228,982,948,331,127,115,314,0,670,288,794,526,275,314,666,877,994,670,0,411,354,377,950,557,182,184,140,288,411,0,13,937,775,451,617,671,228,794,354,13,0,97,283,848,898,828,982,526,377,937,97,0,479,899,534,448,948,275,950,775,283,479,0,379,435,985,331,314,557,451,848,899,379,0]
solution:2597
