cities:[0,1,2,3,4,5,6,7,8,9]
coordinatesx:[94,381,53,436,651,690,237,168,149,65]
coordinatesy:[813,624,26,50,905,236,4,145,209,606]
ncities:10
maxdistance:-1
distancevector:[0,430,801,674,277,644,211,384,120,477,430,0,623,739,249,26,439,375,207,763,801,623,0,409,884,971,255,962,365,967,674,739,409,0,8,237,951,140,772,801,277,249,884,8,0,431,71,133,444,444,644,26,971,237,431,0,300,117,488,897,211,439,255,951,71,300,0,423,3,488,384,375,962,140,133,117,423,0,457,669,120,207,365,772,444,488,3,457,0,918,477,763,967,801,444,897,488,669,918,0]
solution:2213
