cities:[0,1,2,3,4,5,6,7,8,9]
coordinatesx:[859,963,159,897,127,935,79,436,437,328]
coordinatesy:[832,58,971,562,749,398,436,496,101,111]
ncities:10
maxdistance:-1
distancevector:[0,802,176,727,574,937,350,580,445,98,802,0,794,948,138,346,109,366,517,176,176,794,0,759,342,362,597,164,284,566,727,948,759,0,611,481,378,141,747,103,574,138,342,611,0,21,546,293,34,821,937,346,362,481,21,0,515,990,446,827,350,109,597,378,546,515,0,989,553,162,580,366,164,141,293,990,989,0,391,586,445,517,284,747,34,446,553,391,0,852,98,176,566,103,821,827,162,586,852,0]
solution:1650
