cities:[0,1,2,3,4,5,6,7,8,9]
coordinatesx:[660,334,760,260,264,427,62,63,514,224]
coordinatesy:[132,311,287,196,695,691,623,565,635,441]
ncities:10
maxdistance:-1
distancevector:[0,116,62,412,648,441,243,469,386,748,116,0,718,488,99,95,568,878,273,775,62,718,0,343,267,234,117,420,250,120,412,488,343,0,477,607,618,274,226,501,648,99,267,477,0,653,918,17,929,672,441,95,234,607,653,0,193,575,947,529,243,568,117,618,918,193,0,901,228,395,469,878,420,274,17,575,901,0,726,224,386,273,250,226,929,947,228,726,0,283,748,775,120,501,672,529,395,224,283,0]
solution:1612
