cities:[0,1,2,3,4,5,6,7,8,9]
coordinatesx:[232,87,166,475,782,620,20,45,549,808]
coordinatesy:[933,637,463,150,466,627,171,298,894,362]
ncities:10
maxdistance:-1
distancevector:[0,522,751,205,352,491,421,913,972,615,522,0,568,643,324,120,452,456,137,414,751,568,0,456,356,326,258,137,19,295,205,643,456,0,282,435,825,559,598,561,352,324,356,282,0,265,670,722,469,543,491,120,326,435,265,0,14,767,980,902,421,452,258,825,670,14,0,767,166,565,913,456,137,559,722,767,767,0,543,187,972,137,19,598,469,980,166,543,0,133,615,414,295,561,543,902,565,187,133,0]
solution:1992
