cities:[0,1,2,3,4,5,6,7,8,9]
coordinatesx:[296,257,56,158,227,513,327,937,938,568]
coordinatesy:[168,249,474,725,743,772,828,562,162,11]
ncities:10
maxdistance:-1
distancevector:[0,116,860,436,361,23,394,391,15,883,116,0,42,799,695,445,799,4,631,159,860,42,0,100,207,142,766,608,689,118,436,799,100,0,855,408,88,977,716,44,361,695,207,855,0,388,788,12,963,471,23,445,142,408,388,0,823,904,272,273,394,799,766,88,788,823,0,698,410,919,391,4,608,977,12,904,698,0,48,6,15,631,689,716,963,272,410,48,0,115,883,159,118,44,471,273,919,6,115,0]
solution:1104
