cities:[0,1,2,3,4,5,6,7,8,9]
coordinatesx:[955,810,346,901,862,385,77,92,476,535]
coordinatesy:[500,640,72,107,970,954,122,593,16,283]
ncities:10
maxdistance:-1
distancevector:[0,114,625,757,227,139,116,492,438,731,114,0,562,781,195,208,914,614,463,237,625,562,0,331,155,293,130,72,561,564,757,781,331,0,32,555,59,708,829,794,227,195,155,32,0,896,526,865,811,507,139,208,293,555,896,0,328,803,600,96,116,914,130,59,526,328,0,23,636,944,492,614,72,708,865,803,23,0,682,337,438,463,561,829,811,600,636,682,0,4,731,237,564,794,507,96,944,337,4,0]
solution:1295
