cities:[0,1,2,3,4,5,6,7,8,9]
coordinatesx:[536,632,936,564,328,815,441,643,112,225]
coordinatesy:[558,467,970,803,727,105,181,817,253,449]
ncities:10
maxdistance:-1
distancevector:[0,340,907,513,522,740,751,909,258,209,340,0,235,549,416,496,508,35,478,736,907,235,0,303,120,954,12,809,495,259,513,549,303,0,577,951,820,508,194,427,522,416,120,577,0,174,716,32,574,647,740,496,954,951,174,0,170,879,235,403,751,508,12,820,716,170,0,17,28,984,909,35,809,508,32,879,17,0,100,917,258,478,495,194,574,235,28,100,0,794,209,736,259,427,647,403,984,917,794,0]
solution:1744
