cities:[0,1,2,3,4,5,6,7,8,9]
coordinatesx:[854,654,871,912,387,17,367,482,419,389]
coordinatesy:[844,183,345,679,209,639,658,908,590,775]
ncities:10
maxdistance:-1
distancevector:[0,97,86,980,880,998,103,806,428,703,97,0,109,600,571,212,135,820,25,115,86,109,0,183,891,891,716,571,99,927,980,600,183,0,129,558,828,161,958,965,880,571,891,129,0,38,411,358,346,751,998,212,891,558,38,0,896,628,932,979,103,135,716,828,411,896,0,838,258,200,806,820,571,161,358,628,838,0,435,74,428,25,99,958,346,932,258,435,0,647,703,115,927,965,751,979,200,74,647,0]
solution:1127
