cities:[0,1,2,3,4,5,6,7,8,9]
coordinatesx:[294,59,393,858,364,524,599,615,317,826]
coordinatesy:[341,887,1,111,777,863,796,443,224,631]
ncities:10
maxdistance:-1
distancevector:[0,96,598,223,433,283,722,65,876,326,96,0,118,899,565,540,435,518,793,949,598,118,0,88,95,83,467,662,78,749,223,899,88,0,88,472,753,209,37,366,433,565,95,88,0,250,495,432,735,991,283,540,83,472,250,0,929,231,416,931,722,435,467,753,495,929,0,515,341,526,65,518,662,209,432,231,515,0,563,344,876,793,78,37,735,416,341,563,0,323,326,949,749,366,991,931,526,344,323,0]
solution:1948
