cities:[0,1,2,3,4,5,6,7,8,9]
coordinatesx:[980,426,214,11,394,484,636,793,950,763]
coordinatesy:[782,583,580,161,794,177,518,25,45,630]
ncities:10
maxdistance:-1
distancevector:[0,742,615,42,477,873,225,675,392,767,742,0,729,632,193,195,837,592,243,358,615,729,0,328,452,296,792,987,708,982,42,632,328,0,897,949,496,996,110,26,477,193,452,897,0,380,370,92,79,668,873,195,296,949,380,0,995,675,629,424,225,837,792,496,370,995,0,241,461,592,675,592,987,996,92,675,241,0,279,495,392,243,708,110,79,629,461,279,0,435,767,358,982,26,668,424,592,495,435,0]
solution:2193
