cities:[0,1,2,3,4,5,6,7,8,9]
coordinatesx:[726,639,58,61,878,6,398,84,291,236]
coordinatesy:[270,887,504,946,422,341,459,223,698,868]
ncities:10
maxdistance:-1
distancevector:[0,507,494,954,829,45,506,270,549,27,507,0,125,354,21,301,493,2,888,694,494,125,0,149,375,888,2,795,914,918,954,354,149,0,592,804,714,362,401,494,829,21,375,592,0,697,351,768,961,576,45,301,888,804,697,0,167,107,100,525,506,493,2,714,351,167,0,830,967,512,270,2,795,362,768,107,830,0,398,818,549,888,914,401,961,100,967,398,0,104,27,694,918,494,576,525,512,818,104,0]
solution:1209
