cities:[0,1,2,3,4,5,6,7,8,9,10,11,12,13,14,15,16,17,18,19]
coordinatesx:[12,674,731,963,10,632,421,936,248,415,836,272,631,484,698,297,533,78,723,119]
coordinatesy:[549,204,256,58,600,456,606,396,896,717,498,26,24,479,922,353,624,451,687,484]
ncities:20
maxweight:3890
startcity:7
endcity:12
distancevector:[0,746,776,1070,51,626,412,936,419,436,825,584,811,477,780,345,526,118,724,125,746,0,77,323,773,255,474,324,812,574,335,439,185,334,718,405,443,645,485,621,776,77,0,305,798,223,467,248,801,558,263,513,252,332,666,444,417,681,431,653,1070,323,305,0,1096,517,770,339,1101,857,457,691,333,637,903,728,710,968,673,945,51,773,798,1096,0,638,411,948,379,421,832,630,847,489,759,378,523,163,718,159,626,255,223,517,638,0,258,309,584,339,208,560,432,149,470,350,195,554,248,513,412,474,467,770,411,258,0,556,337,111,428,598,618,141,420,281,113,376,312,325,936,324,248,339,948,309,556,0,850,611,142,760,481,459,577,640,463,859,360,821,419,812,801,1101,379,584,337,850,0,244,710,870,952,479,450,545,393,476,518,431,436,574,558,857,421,339,111,611,244,0,474,705,725,247,349,382,150,429,309,376,825,335,263,457,832,208,428,142,710,474,0,735,516,352,445,558,328,759,220,717,584,439,513,691,630,560,598,760,870,705,735,0,359,500,992,327,652,467,800,482,811,185,252,333,847,432,618,481,952,725,516,359,0,478,900,468,607,698,669,688,477,334,332,637,489,149,141,459,479,247,352,500,478,0,491,225,153,406,316,365,780,718,666,903,759,470,420,577,450,349,445,992,900,491,0,696,340,778,236,726,345,405,444,728,378,350,281,640,545,382,558,327,468,225,696,0,359,239,541,221,526,443,417,710,523,195,113,463,393,150,328,652,607,153,340,359,0,486,200,437,118,645,681,968,163,554,376,859,476,429,759,467,698,406,778,239,486,0,686,52,724,485,431,673,718,248,312,360,518,309,220,800,669,316,236,541,200,686,0,637,125,621,653,945,159,513,325,821,431,376,717,482,688,365,726,221,437,52,637,0]
weightvector:[0,472,313,521,95,242,330,377,536,593,570,728,543,204,555,162,578,457,514,248,472,0,409,604,480,400,707,352,164,896,790,1200,925,580,90,470,835,62,828,309,313,409,0,771,236,71,643,553,365,489,867,930,539,250,453,171,426,356,424,416,521,604,771,0,613,708,388,254,761,1111,226,1002,1038,725,683,671,1099,645,1032,361,95,480,236,613,0,168,414,451,515,508,665,735,477,122,555,70,487,453,430,313,242,400,71,708,168,0,572,499,386,500,798,880,527,204,457,108,448,356,429,359,330,707,643,388,414,572,0,434,817,821,303,617,710,479,798,484,836,716,748,401,377,352,553,254,451,499,434,0,506,958,442,1023,921,573,434,492,929,391,880,141,536,164,365,761,515,386,817,506,0,846,936,1250,905,588,127,482,772,115,786,437,593,896,489,1111,508,500,821,958,846,0,1118,725,175,388,942,469,95,846,78,818,570,790,867,226,665,798,303,442,936,1118,0,861,1012,755,875,732,1125,822,1042,503,728,1200,930,1002,735,880,617,1023,1250,725,861,0,550,679,1283,774,803,1183,698,941,543,925,539,1038,477,527,710,921,905,175,1012,550,0,357,984,461,256,883,159,788,204,580,250,725,122,204,479,573,588,388,755,679,357,0,647,110,375,544,310,435,555,90,453,683,555,457,798,434,127,942,875,1283,984,647,0,537,874,102,877,399,162,470,171,671,70,108,484,492,482,469,732,774,461,110,537,0,437,434,392,350,578,835,426,1099,487,448,836,929,772,95,1125,803,256,375,874,437,0,782,107,787,457,62,356,645,453,356,716,391,115,846,822,1183,883,544,102,434,782,0,779,326,514,828,424,1032,430,429,748,880,786,78,1042,698,159,310,877,392,107,779,0,740,248,309,416,361,313,359,401,141,437,818,503,941,788,435,399,350,787,326,740,0]