cities:[0,1,2,3,4,5,6,7,8,9,10,11,12,13,14,15,16,17,18,19]
coordinatesx:[12,674,731,963,10,632,421,936,248,415,836,272,631,484,698,297,533,78,723,119]
coordinatesy:[549,204,256,58,600,456,606,396,896,717,498,26,24,479,922,353,624,451,687,484]
ncities:20
maxdistance:3890
distancevector:[0,746,776,1070,51,626,412,936,419,436,825,584,811,477,780,345,526,118,724,125,746,0,77,323,773,255,474,324,812,574,335,439,185,334,718,405,443,645,485,621,776,77,0,305,798,223,467,248,801,558,263,513,252,332,666,444,417,681,431,653,1070,323,305,0,1096,517,770,339,1101,857,457,691,333,637,903,728,710,968,673,945,51,773,798,1096,0,638,411,948,379,421,832,630,847,489,759,378,523,163,718,159,626,255,223,517,638,0,258,309,584,339,208,560,432,149,470,350,195,554,248,513,412,474,467,770,411,258,0,556,337,111,428,598,618,141,420,281,113,376,312,325,936,324,248,339,948,309,556,0,850,611,142,760,481,459,577,640,463,859,360,821,419,812,801,1101,379,584,337,850,0,244,710,870,952,479,450,545,393,476,518,431,436,574,558,857,421,339,111,611,244,0,474,705,725,247,349,382,150,429,309,376,825,335,263,457,832,208,428,142,710,474,0,735,516,352,445,558,328,759,220,717,584,439,513,691,630,560,598,760,870,705,735,0,359,500,992,327,652,467,800,482,811,185,252,333,847,432,618,481,952,725,516,359,0,478,900,468,607,698,669,688,477,334,332,637,489,149,141,459,479,247,352,500,478,0,491,225,153,406,316,365,780,718,666,903,759,470,420,577,450,349,445,992,900,491,0,696,340,778,236,726,345,405,444,728,378,350,281,640,545,382,558,327,468,225,696,0,359,239,541,221,526,443,417,710,523,195,113,463,393,150,328,652,607,153,340,359,0,486,200,437,118,645,681,968,163,554,376,859,476,429,759,467,698,406,778,239,486,0,686,52,724,485,431,673,718,248,312,360,518,309,220,800,669,316,236,541,200,686,0,637,125,621,653,945,159,513,325,821,431,376,717,482,688,365,726,221,437,52,637,0]
solution:0
param:0.87
MZN:/Users/nitiny/kpc/output/cases/tsp/tsp-20-2/mzn/18/18-0.87.dzn
type:1
