cities:[0,1,2,3,4,5,6,7,8,9]
ncities:10
coordinatesx:[91,866,137,139,998,159,411,396,526,133]
coordinatesy:[989,274,95,55,945,884,415,894,187,692]
maxweight:133
startcity:7
endcity:5
distancevector:[0,66,53,73,8,84,38,2,19,58,66,0,52,33,96,67,18,73,35,42,53,52,0,75,26,73,35,96,1,59,73,33,75,0,29,98,6,6,36,26,8,96,26,29,0,82,85,94,16,38,84,67,73,98,82,0,62,54,23,80,38,18,35,6,85,62,0,96,66,93,2,73,96,6,94,54,96,0,23,3,19,35,1,36,16,23,66,23,0,2,58,42,59,26,38,80,93,3,2,0]
weightvector:[0,71,24,96,5,17,17,85,61,48,71,0,67,43,94,94,68,40,14,3,24,67,0,73,35,99,38,86,3,67,96,43,73,0,75,95,24,20,15,58,5,94,35,75,0,46,52,74,12,7,17,94,99,95,46,0,18,86,65,68,17,68,38,24,52,18,0,2,48,72,85,40,86,20,74,86,2,0,76,6,61,14,3,15,12,65,48,76,0,61,48,3,67,58,7,68,72,6,61,0]
problem_id:44-7-0.9
solution:33