cities:[0,1,2,3,4,5,6,7,8,9]
ncities:10
coordinatesx:[92,733,835,705,442,750,527,930,406,87]
coordinatesy:[131,47,511,87,689,800,101,279,651,623]
maxweight:1173
startcity:4
endcity:2
distancevector:[0,413,763,0,0,0,0,0,0,0,413,0,437,0,0,725,0,564,0,0,763,437,0,0,402,1022,759,296,0,513,0,0,0,0,0,655,0,0,807,341,0,0,402,0,0,0,404,391,0,124,0,725,1022,655,0,0,347,916,879,0,0,0,759,0,404,347,0,594,0,281,0,564,296,0,391,916,594,0,0,442,0,0,0,807,0,879,0,0,0,510,0,0,513,341,124,0,281,442,510,0]
weightvector:[0,367,8,0,0,0,0,0,0,0,367,0,452,0,0,190,0,186,0,0,8,452,0,0,213,343,539,544,0,815,0,0,0,0,0,264,0,0,697,27,0,0,213,0,0,0,463,807,0,99,0,190,343,264,0,0,77,875,449,0,0,0,539,0,463,77,0,124,0,668,0,186,544,0,807,875,124,0,0,662,0,0,0,697,0,449,0,0,0,131,0,0,815,27,99,0,668,662,131,0]
problem_id:287-7-0.6
solution:1304
solution:1304