cities:[0,1,2,3,4,5,6,7,8,9,10,11,12,13,14,15,16,17,18,19]
coordinatesx:[851,753,773,346,701,548,916,455,716,911,131,943,266,503,991,311,157,761,232,506]
coordinatesy:[987,959,416,491,47,722,198,938,120,274,271,360,485,317,564,699,405,195,414,620]
ncities:20
maxdistance:3890
distancevector:[0,101,576,707,951,402,791,399,877,715,1015,633,770,754,445,612,905,797,843,503,101,0,543,620,913,313,778,298,839,702,927,628,679,688,461,512,813,764,753,419,576,543,0,433,375,379,260,611,301,198,658,178,511,287,263,541,616,221,541,336,707,620,433,0,568,306,640,460,523,605,307,611,80,234,649,210,207,509,137,205,951,913,375,568,0,692,262,924,74,309,612,395,617,334,592,759,651,159,595,605,402,313,379,306,692,0,640,235,625,576,614,535,368,407,470,238,503,568,441,110,791,778,260,640,262,640,0,871,214,76,788,164,710,429,373,785,786,155,717,588,399,298,611,460,924,235,871,0,858,805,741,756,490,622,653,279,610,803,569,322,877,839,301,523,74,625,214,858,0,248,604,330,579,290,522,706,627,87,566,542,715,702,198,605,309,576,76,805,248,0,780,91,678,410,300,735,765,169,693,532,1015,927,658,307,612,614,788,741,604,780,0,816,253,374,908,464,136,634,175,512,633,628,178,611,395,535,164,756,330,91,816,0,688,442,209,717,787,245,713,508,770,679,511,80,617,368,710,490,579,678,253,688,0,290,729,218,135,573,78,275,754,688,287,234,334,407,429,622,290,410,374,442,290,0,546,427,357,285,287,303,445,461,263,649,592,470,373,653,522,300,908,209,729,546,0,693,849,434,773,488,612,512,541,210,759,238,785,279,706,735,464,717,218,427,693,0,331,675,295,210,905,813,616,207,651,503,786,610,627,765,136,787,135,357,849,331,0,639,75,409,797,764,221,509,159,568,155,803,87,169,634,245,573,285,434,675,639,0,572,495,843,753,541,137,595,441,717,569,566,693,175,713,78,287,773,295,75,572,0,342,503,419,336,205,605,110,588,322,542,532,512,508,275,303,488,210,409,495,342,0]
solution:1
param:0.87
MZN:/Users/nitiny/kpc/output/cases/tsp/tsp-20-2/mzn/10/10-0.87.dzn
type:4
