cities:[0,1,2,3,4,5,6,7,8,9]
ncities:10
coordinatesx:[964,558,491,690,545,115,554,568,970,316]
coordinatesy:[634,591,76,278,676,622,287,972,384,973]
maxweight:1401
startcity:6
endcity:1
distancevector:[0,882,0,0,431,0,303,0,0,0,882,0,0,0,0,0,1074,0,630,270,0,0,0,900,884,0,412,0,301,930,0,0,900,0,847,788,1121,0,605,0,431,0,884,847,0,0,0,811,0,0,0,0,0,788,0,0,0,749,0,853,303,1074,412,1121,0,0,0,581,0,1168,0,0,0,0,811,749,581,0,99,678,0,630,301,605,0,0,0,99,0,640,0,270,930,0,0,853,1168,678,640,0]
weightvector:[0,221,0,0,39,0,440,0,0,0,221,0,0,0,0,0,67,0,717,319,0,0,0,441,132,0,828,0,936,359,0,0,441,0,227,906,329,0,327,0,39,0,132,227,0,0,0,80,0,0,0,0,0,906,0,0,0,284,0,867,440,67,828,329,0,0,0,372,0,63,0,0,0,0,80,284,372,0,801,417,0,717,936,327,0,0,0,801,0,41,0,319,359,0,0,867,63,417,41,0]
problem_id:29-3-0.7
solution:1633
solution:1633