cities:[0,1,2,3,4,5,6,7,8,9]
ncities:10
coordinatesx:[80,279,908,18,361,965,566,373,35,295]
coordinatesy:[644,322,242,417,449,817,183,726,806,141]
maxweight:145
startcity:5
endcity:7
distancevector:[0,82,86,97,49,24,51,34,86,98,82,0,3,18,53,8,45,31,68,4,86,3,0,54,3,12,76,4,31,23,97,18,54,0,12,4,27,45,97,60,49,53,3,12,0,97,46,17,77,27,24,8,12,4,97,0,88,25,89,20,51,45,76,27,46,88,0,26,32,87,34,31,4,45,17,25,26,0,23,51,86,68,31,97,77,89,32,23,0,17,98,4,23,60,27,20,87,51,17,0]
weightvector:[0,59,64,13,38,37,90,97,73,18,59,0,37,42,59,70,14,94,35,89,64,37,0,72,29,95,40,99,53,84,13,42,72,0,31,95,81,51,66,63,38,59,29,31,0,70,4,78,25,32,37,70,95,95,70,0,19,47,11,61,90,14,40,81,4,19,0,31,81,54,97,94,99,51,78,47,31,0,63,8,73,35,53,66,25,11,81,63,0,61,18,89,84,63,32,61,54,8,61,0]
problem_id:84-3-0.9
solution:39