cities:[0,1,2,3,4,5,6,7,8,9]
ncities:10
coordinatesx:[102,619,564,1,343,311,377,41,859,493]
coordinatesy:[663,259,689,462,10,553,303,484,184,210]
maxweight:118
startcity:5
endcity:2
distancevector:[0,79,2,67,3,98,33,41,64,72,79,0,13,23,71,33,91,6,21,91,2,13,0,90,46,63,8,34,17,42,67,23,90,0,34,27,17,42,44,50,3,71,46,34,0,51,34,54,4,9,98,33,63,27,51,0,87,99,49,46,33,91,8,17,34,87,0,40,82,35,41,6,34,42,54,99,40,0,56,32,64,21,17,44,4,49,82,56,0,33,72,91,42,50,9,46,35,32,33,0]
weightvector:[0,17,60,25,19,52,1,82,52,11,17,0,59,27,6,7,80,70,62,29,60,59,0,12,38,18,20,39,2,65,25,27,12,0,99,30,84,92,16,67,19,6,38,99,0,53,12,34,19,92,52,7,18,30,53,0,1,25,2,17,1,80,20,84,12,1,0,71,67,11,82,70,39,92,34,25,71,0,38,31,52,62,2,16,19,2,67,38,0,65,11,29,65,67,92,17,11,31,65,0]
problem_id:23-8-1.0
solution:25