cities:[0,1,2,3,4,5,6,7,8,9]
ncities:10
coordinatesx:[275,254,188,980,703,174,17,707,460,472]
coordinatesy:[485,297,401,113,550,909,690,661,761,136]
maxweight:1769
startcity:4
endcity:9
distancevector:[0,0,0,573,394,622,0,0,0,122,0,0,260,781,707,90,0,530,0,0,0,260,0,0,0,0,594,0,620,460,573,781,0,0,179,700,0,269,0,0,394,707,0,179,0,618,0,287,0,513,622,90,0,700,618,0,0,457,697,643,0,0,594,0,0,0,0,189,143,0,0,530,0,269,287,457,189,0,0,0,0,0,620,0,0,697,143,0,0,0,122,0,460,0,513,643,0,0,0,0]
weightvector:[0,0,0,727,407,122,0,0,0,700,0,0,212,149,921,961,0,263,0,0,0,212,0,0,0,0,174,0,859,470,727,149,0,0,866,846,0,810,0,0,407,921,0,866,0,628,0,379,0,565,122,961,0,846,628,0,0,662,270,124,0,0,174,0,0,0,0,294,222,0,0,263,0,810,379,662,294,0,0,0,0,0,859,0,0,270,222,0,0,0,700,0,470,0,565,124,0,0,0,0]
problem_id:217-1-0.7
solution:601
solution:601