cities:[0,1,2,3,4,5,6,7,8,9]
ncities:10
coordinatesx:[433,309,538,199,562,36,172,933,77,979]
coordinatesy:[147,709,111,179,310,847,84,86,788,842]
maxweight:46
startcity:7
endcity:8
distancevector:[0,84,49,31,59,35,88,38,23,72,84,0,76,26,90,78,64,72,85,98,49,76,0,23,91,89,53,47,10,11,31,26,23,0,85,26,55,13,27,83,59,90,91,85,0,32,39,80,32,53,35,78,89,26,32,0,3,57,19,73,88,64,53,55,39,3,0,5,58,70,38,72,47,13,80,57,5,0,9,40,23,85,10,27,32,19,58,9,0,52,72,98,11,83,53,73,70,40,52,0]
weightvector:[0,97,82,80,32,87,58,34,36,1,97,0,85,89,79,91,56,82,69,98,82,85,0,92,45,7,13,50,4,9,80,89,92,0,81,3,9,91,35,25,32,79,45,81,0,28,20,21,61,88,87,91,7,3,28,0,5,33,43,60,58,56,13,9,20,5,0,85,45,29,34,82,50,91,21,33,85,0,84,6,36,69,4,35,61,43,45,84,0,78,1,98,9,25,88,60,29,6,78,0]
problem_id:28-16-0.3
solution:60