cities:[0,1,2,3,4,5,6,7,8,9]
ncities:10
coordinatesx:[216,856,130,770,980,884,85,509,749,611]
coordinatesy:[622,161,129,728,69,947,960,755,233,172]
maxweight:128
startcity:9
endcity:5
distancevector:[0,29,58,95,65,44,2,18,1,81,29,0,61,8,48,87,96,24,47,27,58,61,0,70,44,50,59,43,98,26,95,8,70,0,46,41,34,99,54,11,65,48,44,46,0,83,42,67,45,95,44,87,50,41,83,0,32,69,13,33,2,96,59,34,42,32,0,52,32,67,18,24,43,99,67,69,52,0,33,81,1,47,98,54,45,13,32,33,0,49,81,27,26,11,95,33,67,81,49,0]
weightvector:[0,83,72,58,68,28,10,7,37,68,83,0,47,13,20,54,2,31,50,10,72,47,0,76,60,84,57,59,68,48,58,13,76,0,36,75,72,91,52,29,68,20,60,36,0,42,73,60,75,25,28,54,84,75,42,0,61,68,23,59,10,2,57,72,73,61,0,47,19,5,7,31,59,91,60,68,47,0,38,3,37,50,68,52,75,23,19,38,0,80,68,10,48,29,25,59,5,3,80,0]
problem_id:5-9-0.9
solution:45