cities:[0,1,2,3,4,5,6,7,8,9]
ncities:10
coordinatesx:[732,500,33,374,283,677,77,996,1000,889]
coordinatesy:[562,625,259,798,637,464,489,142,288,676]
maxweight:79
startcity:8
endcity:9
distancevector:[0,54,75,49,46,43,15,92,66,15,54,0,44,96,73,65,4,95,12,58,75,44,0,24,53,52,82,4,46,71,49,96,24,0,40,79,70,97,2,82,46,73,53,40,0,41,8,10,86,78,43,65,52,79,41,0,67,5,1,21,15,4,82,70,8,67,0,95,34,59,92,95,4,97,10,5,95,0,99,46,66,12,46,2,86,1,34,99,0,53,15,58,71,82,78,21,59,46,53,0]
weightvector:[0,58,61,1,20,66,86,52,56,38,58,0,11,81,46,2,84,85,77,31,61,11,0,39,79,72,60,85,67,41,1,81,39,0,82,31,70,69,10,36,20,46,79,82,0,2,23,38,45,80,66,2,72,31,2,0,60,27,70,84,86,84,60,70,23,60,0,95,34,71,52,85,85,69,38,27,95,0,95,53,56,77,67,10,45,70,34,95,0,11,38,31,41,36,80,84,71,53,11,0]
problem_id:17-16-0.5
solution:86