cities:[0,1,2,3,4,5,6,7,8,9]
ncities:10
coordinatesx:[927,492,809,921,39,44,97,783,261,490]
coordinatesy:[403,828,99,600,445,90,647,843,766,322]
maxweight:146
startcity:7
endcity:3
distancevector:[0,6,94,75,9,52,71,9,13,7,6,0,81,27,56,76,2,94,44,12,94,81,0,71,12,32,93,90,7,2,75,27,71,0,38,6,87,25,34,29,9,56,12,38,0,92,80,94,59,81,52,76,32,6,92,0,68,10,90,45,71,2,93,87,80,68,0,69,71,28,9,94,90,25,94,10,69,0,19,56,13,44,7,34,59,90,71,19,0,80,7,12,2,29,81,45,28,56,80,0]
weightvector:[0,76,8,84,96,28,73,21,38,78,76,0,60,89,17,96,50,51,91,46,8,60,0,59,77,86,98,76,81,96,84,89,59,0,76,75,41,96,83,85,96,17,77,76,0,99,32,62,17,29,28,96,86,75,99,0,51,41,58,40,73,50,98,41,32,51,0,56,31,69,21,51,76,96,62,41,56,0,33,27,38,91,81,83,17,58,31,33,0,65,78,46,96,85,29,40,69,27,65,0]
problem_id:37-1-0.8
solution:70