cities:[0,1,2,3,4,5,6,7,8,9]
ncities:10
coordinatesx:[963,995,46,846,27,195,992,434,247,505]
coordinatesy:[291,508,361,731,513,21,382,994,953,469]
maxweight:2003
startcity:3
endcity:5
distancevector:[0,313,0,0,133,0,0,742,343,0,313,0,0,0,0,123,0,429,431,0,0,0,0,351,0,676,270,625,434,426,0,0,351,0,0,0,0,917,0,156,133,0,0,0,0,416,502,841,0,0,0,123,676,0,416,0,0,489,504,0,0,0,270,0,502,0,0,783,218,0,742,429,625,917,841,489,783,0,0,0,343,431,434,0,0,504,218,0,0,190,0,0,426,156,0,0,0,0,190,0]
weightvector:[0,999,0,0,390,0,0,45,752,0,999,0,0,0,0,427,0,142,808,0,0,0,0,688,0,862,752,853,74,605,0,0,688,0,0,0,0,547,0,917,390,0,0,0,0,161,158,832,0,0,0,427,862,0,161,0,0,247,368,0,0,0,752,0,158,0,0,124,115,0,45,142,853,547,832,247,124,0,0,0,752,808,74,0,0,368,115,0,0,655,0,0,605,917,0,0,0,0,655,0]
problem_id:55-7-0.8
solution:772
solution:772