cities:[0,1,2,3,4,5,6,7,8,9,10,11,12,13,14,15,16,17,18,19]
coordinatesx:[390,45,125,342,792,117,731,718,641,69,65,851,674,431,372,180,557,278,571,688]
coordinatesy:[454,852,521,411,885,995,822,664,880,265,891,140,375,824,818,918,743,927,904,639]
ncities:20
maxdistance:3354
distancevector:[0,526,273,64,589,605,501,389,494,372,544,557,294,372,364,509,333,486,485,350,526,0,340,531,747,160,686,698,596,587,43,1075,789,387,328,150,523,244,528,677,273,340,0,243,759,474,676,609,628,262,374,819,568,430,386,400,485,433,587,575,64,531,243,0,653,625,565,453,556,309,554,576,333,422,408,532,395,519,543,414,589,747,759,653,0,683,87,233,151,952,727,747,523,366,425,612,274,515,221,267,605,160,474,625,683,0,637,686,536,731,116,1126,833,357,310,99,507,174,463,672,501,686,676,565,87,637,0,158,107,865,669,692,450,300,359,559,191,465,179,187,389,698,609,453,233,686,158,0,229,761,691,540,292,328,378,594,179,512,281,39,494,596,628,556,151,536,107,229,0,839,576,769,506,217,276,462,160,366,74,245,372,587,262,309,952,731,865,761,839,0,626,791,614,665,630,662,683,694,812,723,544,43,374,554,727,116,669,691,576,626,0,1087,798,372,315,118,513,216,506,672,557,1075,819,576,747,1126,692,540,769,791,1087,0,294,802,830,1027,670,973,813,524,294,789,568,333,523,833,450,292,506,614,798,294,0,510,536,734,386,679,538,264,372,387,430,422,366,357,300,328,217,665,372,802,510,0,59,268,149,184,161,316,364,328,386,408,425,310,359,378,276,630,315,830,536,59,0,216,199,143,216,363,509,150,400,532,612,99,559,594,462,662,118,1027,734,268,216,0,415,98,391,579,333,523,485,395,274,507,191,179,160,683,513,670,386,149,199,415,0,334,161,167,486,244,433,519,515,174,465,512,366,694,216,973,679,184,143,98,334,0,293,501,485,528,587,543,221,463,179,281,74,812,506,813,538,161,216,391,161,293,0,289,350,677,575,414,267,672,187,39,245,723,672,524,264,316,363,579,167,501,289,0]
solution:0
param:0.75
MZN:/Users/nitiny/kpc/output/cases/tsp/tsp-20-2/mzn/6/6-0.75.dzn
type:5
