cities:[0,1,2,3,4,5,6,7,8,9]
ncities:10
coordinatesx:[317,68,557,317,438,793,286,770,230,658]
coordinatesy:[933,767,377,370,622,110,69,824,882,532]
maxweight:61
startcity:7
endcity:6
distancevector:[0,26,73,80,27,40,91,73,73,27,26,0,13,59,28,54,12,16,2,88,73,13,0,68,7,12,38,88,74,41,80,59,68,0,44,1,12,55,90,80,27,28,7,44,0,39,1,31,1,45,40,54,12,1,39,0,47,10,40,46,91,12,38,12,1,47,0,74,36,15,73,16,88,55,31,10,74,0,60,10,73,2,74,90,1,40,36,60,0,23,27,88,41,80,45,46,15,10,23,0]
weightvector:[0,1,49,55,49,95,77,15,69,81,1,0,81,86,2,44,46,3,82,8,49,81,0,43,32,1,73,54,4,94,55,86,43,0,82,35,37,97,53,36,49,2,32,82,0,8,45,82,88,75,95,44,1,35,8,0,50,81,78,8,77,46,73,37,45,50,0,62,32,33,15,3,54,97,82,81,62,0,88,23,69,82,4,53,88,78,32,88,0,82,81,8,94,36,75,8,33,23,82,0]
problem_id:13-14-0.4
solution:40