cities:[0,1,2,3,4,5,6,7,8,9]
ncities:10
coordinatesx:[989,867,576,103,371,262,216,177,36,787]
coordinatesy:[170,518,670,82,741,398,602,515,808,310]
maxweight:102
startcity:1
endcity:8
distancevector:[0,3,56,48,85,80,43,74,20,48,3,0,79,41,50,46,24,86,26,13,56,79,0,13,8,52,67,16,32,90,48,41,13,0,40,78,98,74,24,26,85,50,8,40,0,32,25,59,17,40,80,46,52,78,32,0,33,4,52,35,43,24,67,98,25,33,0,45,99,90,74,86,16,74,59,4,45,0,90,34,20,26,32,24,17,52,99,90,0,21,48,13,90,26,40,35,90,34,21,0]
weightvector:[0,52,6,29,72,11,72,65,14,86,52,0,61,4,77,80,7,38,35,90,6,61,0,80,79,86,32,19,59,64,29,4,80,0,44,35,30,91,53,10,72,77,79,44,0,40,5,87,44,67,11,80,86,35,40,0,87,92,45,39,72,7,32,30,5,87,0,28,76,18,65,38,19,91,87,92,28,0,54,5,14,35,59,53,44,45,76,54,0,31,86,90,64,10,67,39,18,5,31,0]
problem_id:22-15-0.7
solution:68