cities:[0,1,2,3,4,5,6,7,8,9]
ncities:10
coordinatesx:[6,319,452,572,685,962,490,612,118,88]
coordinatesy:[67,922,120,322,43,866,297,104,695,812]
maxweight:133
startcity:5
endcity:4
distancevector:[0,58,6,46,98,95,57,83,4,43,58,0,15,22,40,18,60,42,1,50,6,15,0,26,85,44,12,9,45,90,46,22,26,0,57,44,76,49,81,38,98,40,85,57,0,11,91,79,53,3,95,18,44,44,11,0,3,24,31,74,57,60,12,76,91,3,0,75,61,39,83,42,9,49,79,24,75,0,54,17,4,1,45,81,53,31,61,54,0,18,43,50,90,38,3,74,39,17,18,0]
weightvector:[0,1,25,58,74,22,93,53,36,26,1,0,20,46,95,41,97,54,77,97,25,20,0,36,54,74,67,54,3,63,58,46,36,0,3,96,76,13,23,42,74,95,54,3,0,80,93,18,46,79,22,41,74,96,80,0,77,4,10,9,93,97,67,76,93,77,0,56,46,95,53,54,54,13,18,4,56,0,30,55,36,77,3,23,46,10,46,30,0,12,26,97,63,42,79,9,95,55,12,0]
problem_id:76-19-0.9
solution:41