cities:[0,1,2,3,4,5,6,7,8,9]
ncities:10
coordinatesx:[826,91,155,982,411,898,440,223,177,428]
coordinatesy:[937,151,720,747,107,324,217,990,418,735]
maxweight:955
startcity:3
endcity:8
distancevector:[0,0,0,475,0,0,0,456,0,0,0,0,709,887,588,879,369,0,0,652,0,709,0,0,185,919,719,593,0,0,475,887,0,0,645,163,0,0,0,0,0,588,185,645,0,0,541,433,403,393,0,879,919,163,0,0,515,662,458,355,0,369,719,0,541,515,0,0,588,0,456,0,593,0,433,662,0,0,0,0,0,0,0,0,403,458,588,0,0,0,0,652,0,0,393,355,0,0,0,0]
weightvector:[0,0,0,981,0,0,0,22,0,0,0,0,336,608,428,170,179,0,0,473,0,336,0,0,526,444,374,957,0,0,981,608,0,0,47,797,0,0,0,0,0,428,526,47,0,0,193,970,701,453,0,170,444,797,0,0,24,354,465,678,0,179,374,0,193,24,0,0,806,0,22,0,957,0,970,354,0,0,0,0,0,0,0,0,701,465,806,0,0,0,0,473,0,0,453,678,0,0,0,0]
problem_id:143-5-0.4
solution:1581
solution:1581