cities:[0,1,2,3,4,5,6,7,8,9]
ncities:10
coordinatesx:[574,489,16,34,941,239,139,942,841,943]
coordinatesy:[962,292,314,904,612,530,172,444,889,376]
maxweight:2675
startcity:3
endcity:5
distancevector:[0,432,0,78,549,0,0,753,0,0,432,0,0,0,150,0,0,0,0,0,0,0,0,0,0,423,1047,1052,200,0,78,0,0,0,0,449,676,0,281,658,549,150,0,0,0,723,248,0,712,0,0,0,423,449,723,0,783,0,268,571,0,0,1047,676,248,783,0,0,852,0,753,0,1052,0,0,0,0,0,857,322,0,0,200,281,712,268,852,857,0,728,0,0,0,658,0,571,0,322,728,0]
weightvector:[0,739,0,323,914,0,0,969,0,0,739,0,0,0,75,0,0,0,0,0,0,0,0,0,0,470,618,773,919,0,323,0,0,0,0,455,222,0,769,585,914,75,0,0,0,765,790,0,101,0,0,0,470,455,765,0,84,0,859,785,0,0,618,222,790,84,0,0,699,0,969,0,773,0,0,0,0,0,97,664,0,0,919,769,101,859,699,97,0,998,0,0,0,585,0,785,0,664,998,0]
problem_id:66-2-0.9
solution:912
solution:912