cities:[0,1,2,3,4,5,6,7,8,9]
ncities:10
coordinatesx:[598,299,568,36,864,160,255,571,78,62]
coordinatesy:[927,273,282,386,710,332,826,369,82,466]
maxweight:1617
startcity:5
endcity:4
distancevector:[0,0,0,393,583,436,754,169,0,348,0,0,513,0,619,0,0,0,673,376,0,513,0,514,627,0,0,162,334,0,393,0,514,0,0,763,880,0,201,364,583,619,627,0,0,0,0,0,0,0,436,0,0,763,0,0,496,317,0,484,754,0,0,880,0,496,0,0,0,0,169,0,162,0,0,317,0,0,0,442,0,673,334,201,0,0,0,0,0,302,348,376,0,364,0,484,0,442,302,0]
weightvector:[0,0,0,795,956,401,333,46,0,993,0,0,153,0,985,0,0,0,728,20,0,153,0,538,755,0,0,343,416,0,795,0,538,0,0,23,619,0,563,145,956,985,755,0,0,0,0,0,0,0,401,0,0,23,0,0,293,144,0,169,333,0,0,619,0,293,0,0,0,0,46,0,343,0,0,144,0,0,0,448,0,728,416,563,0,0,0,0,0,765,993,20,0,145,0,169,0,448,765,0]
problem_id:176-5-0.7
solution:1141
solution:1141