cities:[0,1,2,3,4,5,6,7,8,9]
ncities:10
coordinatesx:[459,415,357,47,66,95,707,107,753,985]
coordinatesy:[606,822,49,990,345,572,393,732,842,21]
maxweight:73
startcity:3
endcity:8
distancevector:[0,98,33,14,96,27,58,33,3,76,98,0,8,98,57,40,44,53,83,24,33,8,0,52,63,5,78,72,38,80,14,98,52,0,8,15,17,71,57,45,96,57,63,8,0,97,37,71,95,56,27,40,5,15,97,0,55,94,32,80,58,44,78,17,37,55,0,51,56,46,33,53,72,71,71,94,51,0,3,48,3,83,38,57,95,32,56,3,0,85,76,24,80,45,56,80,46,48,85,0]
weightvector:[0,77,36,48,88,86,42,55,49,80,77,0,92,84,92,52,73,85,28,90,36,92,0,9,97,18,39,6,4,57,48,84,9,0,3,87,51,4,63,84,88,92,97,3,0,8,8,39,61,33,86,52,18,87,8,0,36,32,35,84,42,73,39,51,8,36,0,34,58,4,55,85,6,4,39,32,34,0,19,46,49,28,4,63,61,35,58,19,0,43,80,90,57,84,33,84,4,46,43,0]
problem_id:11-6-0.5
solution:40