cities:[0,1,2,3,4,5,6,7,8,9]
ncities:10
coordinatesx:[167,758,527,106,153,893,405,234,340,221]
coordinatesy:[416,798,854,5,595,408,458,947,599,110]
maxweight:148
startcity:6
endcity:2
distancevector:[0,83,3,49,5,71,15,82,47,61,83,0,82,93,44,98,87,4,96,35,3,82,0,42,41,81,85,1,96,7,49,93,42,0,50,74,56,89,13,48,5,44,41,50,0,72,11,49,19,90,71,98,81,74,72,0,85,98,3,56,15,87,85,56,11,85,0,60,98,14,82,4,1,89,49,98,60,0,73,71,47,96,96,13,19,3,98,73,0,33,61,35,7,48,90,56,14,71,33,0]
weightvector:[0,49,92,19,48,1,7,10,19,93,49,0,85,78,53,71,77,42,50,14,92,85,0,82,78,35,25,5,43,18,19,78,82,0,69,58,68,18,27,22,48,53,78,69,0,42,35,46,99,41,1,71,35,58,42,0,30,16,89,66,7,77,25,68,35,30,0,77,86,54,10,42,5,18,46,16,77,0,41,93,19,50,43,27,99,89,86,41,0,52,93,14,18,22,41,66,54,93,52,0]
problem_id:58-18-1.0
solution:68