cities:[0,1,2,3,4,5,6,7,8,9]
ncities:10
coordinatesx:[373,311,893,949,66,705,110,234,193,238]
coordinatesy:[933,396,337,527,892,223,278,569,168,798]
maxweight:1271
startcity:6
endcity:7
distancevector:[0,591,492,0,271,647,0,718,141,536,591,0,0,676,750,0,756,0,0,368,492,0,0,0,0,0,0,0,460,0,0,676,0,0,0,0,0,671,0,0,271,750,0,0,0,919,671,0,0,549,647,0,0,0,919,0,0,1039,530,931,0,756,0,0,671,0,0,0,0,880,718,0,0,671,0,1039,0,0,679,188,141,0,460,0,0,530,0,679,0,512,536,368,0,0,549,931,880,188,512,0]
weightvector:[0,392,269,0,350,867,0,92,697,472,392,0,0,300,87,0,320,0,0,525,269,0,0,0,0,0,0,0,976,0,0,300,0,0,0,0,0,493,0,0,350,87,0,0,0,818,925,0,0,755,867,0,0,0,818,0,0,695,396,138,0,320,0,0,925,0,0,0,0,584,92,0,0,493,0,695,0,0,666,107,697,0,976,0,0,396,0,666,0,778,472,525,0,0,755,138,584,107,778,0]
problem_id:137-9-0.5
solution:1811
solution:1811