cities:[0,1,2,3,4,5,6,7,8,9]
ncities:10
coordinatesx:[313,320,371,305,814,291,740,289,783,21]
coordinatesy:[146,975,297,459,388,383,520,57,175,939]
maxweight:1932
startcity:5
endcity:3
distancevector:[0,586,0,0,0,0,0,0,0,272,586,0,682,766,238,812,0,472,949,643,0,682,0,0,0,0,112,672,0,0,0,766,0,0,0,481,298,503,348,574,0,238,0,0,0,619,0,0,739,0,0,812,0,481,619,0,697,0,0,224,0,0,112,298,0,697,0,0,0,703,0,472,672,503,0,0,0,0,0,185,0,949,0,348,739,0,0,0,0,916,272,643,0,574,0,224,703,185,916,0]
weightvector:[0,437,0,0,0,0,0,0,0,485,437,0,477,681,376,467,0,820,840,535,0,477,0,0,0,0,434,819,0,0,0,681,0,0,0,767,75,620,848,60,0,376,0,0,0,563,0,0,732,0,0,467,0,767,563,0,786,0,0,643,0,0,434,75,0,786,0,0,0,179,0,820,819,620,0,0,0,0,0,675,0,840,0,848,732,0,0,0,0,379,485,535,0,60,0,643,179,675,379,0]
problem_id:156-2-0.7
solution:920
solution:920