cities:[0,1,2,3,4,5,6,7,8,9]
ncities:10
coordinatesx:[336,581,774,234,42,312,792,295,700,840]
coordinatesy:[26,270,978,728,101,945,625,143,13,466]
maxweight:142
startcity:6
endcity:5
distancevector:[0,74,28,52,77,55,28,21,76,28,74,0,80,20,71,37,6,21,92,84,28,80,0,46,69,54,63,31,17,71,52,20,46,0,51,56,29,74,7,52,77,71,69,51,0,94,22,95,37,34,55,37,54,56,94,0,91,28,88,56,28,6,63,29,22,91,0,23,51,42,21,21,31,74,95,28,23,0,45,93,76,92,17,7,37,88,51,45,0,67,28,84,71,52,34,56,42,93,67,0]
weightvector:[0,91,26,49,6,9,47,39,55,10,91,0,69,28,53,52,75,75,10,49,26,69,0,77,59,76,35,99,31,80,49,28,77,0,24,95,74,48,68,70,6,53,59,24,0,87,64,54,15,62,9,52,76,95,87,0,75,50,48,72,47,75,35,74,64,75,0,16,33,22,39,75,99,48,54,50,16,0,68,98,55,10,31,68,15,48,33,68,0,39,10,49,80,70,62,72,22,98,39,0]
problem_id:62-4-0.9
solution:73