cities:[0,1,2,3,4,5,6,7,8,9]
ncities:10
coordinatesx:[18,811,200,202,575,447,748,985,813,262]
coordinatesy:[928,335,340,194,759,625,864,343,581,414]
maxweight:2665
startcity:1
endcity:8
distancevector:[0,459,0,290,171,216,646,0,401,0,459,0,285,317,0,492,0,0,0,0,0,285,0,0,0,210,0,240,616,0,290,317,0,0,0,195,0,0,682,0,171,0,0,0,0,0,717,0,0,552,216,492,210,195,0,0,0,247,539,0,646,0,0,0,717,0,0,841,0,268,0,0,240,0,0,247,841,0,780,736,401,0,616,682,0,539,0,780,0,199,0,0,0,0,552,0,268,736,199,0]
weightvector:[0,765,0,472,975,134,389,0,812,0,765,0,746,833,0,283,0,0,0,0,0,746,0,0,0,584,0,642,154,0,472,833,0,0,0,681,0,0,579,0,975,0,0,0,0,0,815,0,0,188,134,283,584,681,0,0,0,326,918,0,389,0,0,0,815,0,0,897,0,185,0,0,642,0,0,326,897,0,804,953,812,0,154,579,0,918,0,804,0,489,0,0,0,0,188,0,185,953,489,0]
problem_id:50-8-0.9
solution:463
solution:463