cities:[0,1,2,3,4,5,6,7,8,9]
ncities:10
coordinatesx:[427,493,13,172,828,561,288,296,732,826]
coordinatesy:[386,938,477,642,5,753,318,994,560,432]
maxweight:96
startcity:1
endcity:7
distancevector:[0,37,47,47,91,40,70,74,26,8,37,0,89,6,41,50,87,26,13,33,47,89,0,38,35,70,7,76,52,37,47,6,38,0,96,99,43,79,98,31,91,41,35,96,0,74,55,1,78,89,40,50,70,99,74,0,6,35,57,77,70,87,7,43,55,6,0,24,58,92,74,26,76,79,1,35,24,0,57,8,26,13,52,98,78,57,58,57,0,73,8,33,37,31,89,77,92,8,73,0]
weightvector:[0,92,13,76,48,82,42,6,37,68,92,0,79,66,12,2,74,45,79,78,13,79,0,91,22,77,6,22,29,18,76,66,91,0,33,38,71,61,4,17,48,12,22,33,0,68,65,52,47,77,82,2,77,38,68,0,34,20,61,18,42,74,6,71,65,34,0,56,52,42,6,45,22,61,52,20,56,0,39,37,37,79,29,4,47,61,52,39,0,10,68,78,18,17,77,18,42,37,10,0]
problem_id:52-5-0.7
solution:52