cities:[0,1,2,3,4,5,6,7,8,9]
ncities:10
coordinatesx:[271,225,985,590,540,464,116,257,821,692]
coordinatesy:[559,446,679,70,441,474,552,117,794,213]
maxweight:1330
startcity:7
endcity:8
distancevector:[0,0,859,0,0,126,538,0,639,0,0,0,457,0,0,0,0,847,0,711,859,457,0,357,0,858,0,0,570,406,0,0,357,0,813,0,435,295,0,102,0,0,0,813,0,0,642,0,0,909,126,0,858,0,0,0,0,869,0,894,538,0,0,435,642,0,0,0,912,475,0,847,0,295,0,869,0,0,0,273,639,0,570,0,0,0,912,0,0,853,0,711,406,102,909,894,475,273,853,0]
weightvector:[0,0,275,0,0,857,984,0,392,0,0,0,535,0,0,0,0,819,0,74,275,535,0,147,0,708,0,0,160,838,0,0,147,0,188,0,879,762,0,249,0,0,0,188,0,0,599,0,0,497,857,0,708,0,0,0,0,15,0,924,984,0,0,879,599,0,0,0,834,65,0,819,0,762,0,15,0,0,0,728,392,0,160,0,0,0,834,0,0,713,0,74,838,249,497,924,65,728,713,0]
problem_id:101-3-0.5
solution:748
solution:748