cities:[0,1,2,3,4,5,6,7,8,9]
ncities:10
coordinatesx:[57,934,339,724,613,576,854,865,342,709]
coordinatesy:[752,175,588,895,842,147,509,786,774,37]
maxweight:119
startcity:8
endcity:7
distancevector:[0,73,38,25,58,58,85,93,24,71,73,0,14,29,79,53,43,23,99,63,38,14,0,65,74,56,35,98,17,30,25,29,65,0,4,89,8,78,99,50,58,79,74,4,0,8,23,14,61,39,58,53,56,89,8,0,1,32,85,34,85,43,35,8,23,1,0,78,66,66,93,23,98,78,14,32,78,0,15,69,24,99,17,99,61,85,66,15,0,25,71,63,30,50,39,34,66,69,25,0]
weightvector:[0,98,84,15,94,38,13,90,26,99,98,0,87,85,54,45,71,33,28,36,84,87,0,64,20,29,13,30,18,71,15,85,64,0,75,22,59,46,96,53,94,54,20,75,0,5,26,23,36,89,38,45,29,22,5,0,59,54,75,29,13,71,13,59,26,59,0,37,37,57,90,33,30,46,23,54,37,0,93,10,26,28,18,96,36,75,37,93,0,13,99,36,71,53,89,29,57,10,13,0]
problem_id:50-16-0.8
solution:23