cities:[0,1,2,3,4,5,6,7,8,9,10,11,12,13,14,15,16,17,18,19]
coordinatesx:[262,419,104,343,567,828,366,419,638,626,881,670,512,972,911,731,753,360,98,459]
coordinatesy:[916,444,629,288,792,386,274,482,292,171,699,967,892,170,869,143,39,762,412,19]
ncities:20
maxdistance:4427
distancevector:[0,497,327,633,329,775,650,461,728,829,655,411,251,1029,650,904,1005,182,530,918,497,0,365,173,378,413,178,38,266,342,527,580,457,617,650,433,524,323,322,426,327,365,0,416,490,763,441,347,631,694,780,659,485,981,841,793,877,288,217,705,633,173,416,0,551,494,26,208,295,306,677,753,627,639,812,414,479,474,274,292,329,378,490,551,0,482,555,343,505,623,327,203,114,742,352,669,775,209,603,780,775,413,763,494,482,0,475,420,211,295,317,602,596,259,490,261,355,600,730,520,650,178,441,26,555,475,0,214,272,279,667,756,635,614,806,387,452,488,301,271,461,38,347,208,343,420,214,0,289,373,510,546,420,634,625,460,554,286,328,464,728,266,631,295,505,211,272,289,0,121,474,675,613,355,638,175,277,546,553,326,829,342,694,306,623,295,279,373,121,0,586,797,729,346,753,108,183,648,580,225,655,527,780,677,327,317,667,510,474,586,0,341,416,536,172,575,672,524,833,800,411,580,659,753,203,602,756,546,675,797,341,0,174,852,260,826,931,371,797,971,251,457,485,627,114,596,635,420,613,729,416,174,0,856,399,780,886,200,633,874,1029,617,981,639,742,259,614,634,355,346,536,852,856,0,701,242,255,851,906,534,650,650,841,812,352,490,806,625,638,753,172,260,399,701,0,747,844,561,932,962,904,433,793,414,669,261,387,460,175,108,575,826,780,242,747,0,106,721,687,298,1005,524,877,479,775,355,452,554,277,183,672,931,886,255,844,106,0,822,753,294,182,323,288,474,209,600,488,286,546,648,524,371,200,851,561,721,822,0,437,749,530,322,217,274,603,730,301,328,553,580,833,797,633,906,932,687,753,437,0,533,918,426,705,292,780,520,271,464,326,225,800,971,874,534,962,298,294,749,533,0]
solution:1
param:0.99
MZN:/Users/nitiny/kpc/output/cases/tsp/tsp-20-2/mzn/9/9-0.99.dzn
type:6
