cities:[0,1,2,3,4,5,6,7,8,9]
ncities:10
coordinatesx:[381,879,183,340,60,999,527,55,561,360]
coordinatesy:[720,921,927,859,427,716,223,659,871,590]
maxweight:106
startcity:8
endcity:1
distancevector:[0,31,90,24,87,64,58,98,82,54,31,0,1,34,30,70,88,47,57,1,90,1,0,82,39,34,37,3,3,71,24,34,82,0,15,72,11,65,28,60,87,30,39,15,0,17,61,88,19,82,64,70,34,72,17,0,89,57,86,62,58,88,37,11,61,89,0,53,64,25,98,47,3,65,88,57,53,0,47,86,82,57,3,28,19,86,64,47,0,34,54,1,71,60,82,62,25,86,34,0]
weightvector:[0,13,15,69,36,22,55,2,92,17,13,0,24,95,74,79,55,64,63,75,15,24,0,19,21,14,78,24,36,58,69,95,19,0,88,74,73,40,38,24,36,74,21,88,0,27,3,15,77,45,22,79,14,74,27,0,44,99,45,4,55,55,78,73,3,44,0,29,56,23,2,64,24,40,15,99,29,0,66,13,92,63,36,38,77,45,56,66,0,18,17,75,58,24,45,4,23,13,18,0]
problem_id:40-8-0.8
solution:35