cities:[0,1,2,3,4,5,6,7,8,9]
ncities:10
coordinatesx:[338,165,818,706,986,206,24,996,429,557]
coordinatesy:[882,813,482,840,348,492,456,752,670,119]
maxweight:168
startcity:9
endcity:6
distancevector:[0,40,19,68,94,13,71,18,85,45,40,0,55,14,21,64,52,25,78,52,19,55,0,15,31,34,98,4,15,62,68,14,15,0,67,4,48,84,81,53,94,21,31,67,0,51,92,17,54,9,13,64,34,4,51,0,69,63,68,68,71,52,98,48,92,69,0,2,6,64,18,25,4,84,17,63,2,0,26,48,85,78,15,81,54,68,6,26,0,19,45,52,62,53,9,68,64,48,19,0]
weightvector:[0,50,9,82,96,93,74,37,94,8,50,0,99,57,58,91,93,60,73,75,9,99,0,64,13,67,14,38,72,28,82,57,64,0,28,29,91,48,29,81,96,58,13,28,0,85,5,39,33,40,93,91,67,29,85,0,9,28,68,66,74,93,14,91,5,9,0,73,99,8,37,60,38,48,39,28,73,0,50,84,94,73,72,29,33,68,99,50,0,90,8,75,28,81,40,66,8,84,90,0]
problem_id:78-5-1.0
solution:34