cities:[0,1,2,3,4,5,6,7,8,9,10,11,12,13,14,15,16,17,18,19]
ncities:20
coordinatesx:[139,119,330,859,905,541,727,555,340,732,397,227,75,842,147,626,214,347,199,69]
coordinatesy:[673,227,485,556,360,427,103,27,601,546,417,135,331,444,718,227,804,4,778,820]
maxweight:492
startcity:13
endcity:15
distancevector:[0,446,0,0,0,0,0,768,213,606,363,0,347,739,0,0,150,0,0,162,446,0,0,0,0,0,620,0,0,0,0,0,112,0,0,0,0,0,556,0,0,0,0,0,0,0,0,0,116,0,0,364,0,0,0,392,0,481,0,0,0,0,0,0,0,0,0,0,520,0,0,0,0,0,0,0,0,752,0,0,0,0,0,0,0,0,0,0,0,0,511,714,0,0,0,309,821,0,0,954,0,0,0,0,0,0,0,0,0,0,0,428,0,301,0,0,0,0,490,0,0,620,0,0,0,0,0,188,0,443,0,0,0,359,845,0,0,392,856,0,768,0,0,0,0,0,188,0,0,0,0,0,568,0,0,0,0,209,831,930,213,0,116,520,0,0,0,0,0,0,0,0,378,0,0,0,238,597,226,0,606,0,0,0,0,0,443,0,0,0,0,0,691,0,0,0,578,0,581,0,363,0,0,0,511,0,0,0,0,0,0,0,0,445,0,0,0,416,0,0,0,0,364,0,714,428,0,0,0,0,0,0,248,0,0,0,0,0,0,0,347,112,0,0,0,0,0,568,378,691,0,248,0,0,0,0,0,0,0,489,739,0,0,0,0,301,359,0,0,0,445,0,0,0,0,306,723,662,724,859,0,0,0,0,0,0,845,0,0,0,0,0,0,0,0,685,0,0,0,128,0,0,392,0,309,0,0,0,0,0,0,0,0,306,685,0,708,357,0,813,150,0,0,0,821,0,0,0,238,578,0,0,0,723,0,708,0,0,30,0,0,0,481,752,0,0,392,209,597,0,416,0,0,662,0,357,0,0,0,862,0,556,0,0,0,490,856,831,226,581,0,0,0,724,0,0,30,0,0,136,162,0,0,0,954,0,0,930,0,0,0,0,489,859,128,813,0,862,136,0]
weightvector:[0,96,0,0,0,0,0,35,64,57,86,0,34,43,0,0,26,0,0,47,96,0,0,0,0,0,56,0,0,0,0,0,61,0,0,0,0,0,79,0,0,0,0,0,0,0,0,0,89,0,0,48,0,0,0,43,0,46,0,0,0,0,0,0,0,0,0,0,69,0,0,0,0,0,0,0,0,30,0,0,0,0,0,0,0,0,0,0,0,0,78,32,0,0,0,22,18,0,0,38,0,0,0,0,0,0,0,0,0,0,0,24,0,55,0,0,0,0,49,0,0,56,0,0,0,0,0,84,0,51,0,0,0,19,40,0,0,53,29,0,35,0,0,0,0,0,84,0,0,0,0,0,93,0,0,0,0,99,13,21,64,0,89,69,0,0,0,0,0,0,0,0,43,0,0,0,19,40,71,0,57,0,0,0,0,0,51,0,0,0,0,0,55,0,0,0,40,0,93,0,86,0,0,0,78,0,0,0,0,0,0,0,0,68,0,0,0,47,0,0,0,0,48,0,32,24,0,0,0,0,0,0,58,0,0,0,0,0,0,0,34,61,0,0,0,0,0,93,43,55,0,58,0,0,0,0,0,0,0,95,43,0,0,0,0,55,19,0,0,0,68,0,0,0,0,26,39,99,67,55,0,0,0,0,0,0,40,0,0,0,0,0,0,0,0,37,0,0,0,77,0,0,43,0,22,0,0,0,0,0,0,0,0,26,37,0,19,35,0,37,26,0,0,0,18,0,0,0,19,40,0,0,0,39,0,19,0,0,84,0,0,0,46,30,0,0,53,99,40,0,47,0,0,99,0,35,0,0,0,16,0,79,0,0,0,49,29,13,71,93,0,0,0,67,0,0,84,0,0,30,47,0,0,0,38,0,0,21,0,0,0,0,95,55,77,37,0,16,30,0]
solution:999
