cities:[0,1,2,3,4,5,6,7,8,9]
ncities:10
coordinatesx:[100,255,820,556,463,863,732,462,806,964]
coordinatesy:[543,826,825,246,683,30,9,183,637,771]
maxweight:155
startcity:5
endcity:4
distancevector:[0,95,57,56,1,89,70,11,11,50,95,0,93,98,2,9,21,52,83,1,57,93,0,59,40,5,34,83,46,54,56,98,59,0,91,89,2,53,25,7,1,2,40,91,0,89,68,75,19,99,89,9,5,89,89,0,67,76,33,96,70,21,34,2,68,67,0,68,1,83,11,52,83,53,75,76,68,0,37,46,11,83,46,25,19,33,1,37,0,66,50,1,54,7,99,96,83,46,66,0]
weightvector:[0,88,43,47,34,96,91,87,39,18,88,0,83,95,83,60,42,99,56,85,43,83,0,3,44,79,58,66,46,5,47,95,3,0,12,30,22,21,40,89,34,83,44,12,0,34,96,11,5,63,96,60,79,30,34,0,56,5,18,77,91,42,58,22,96,56,0,94,35,13,87,99,66,21,11,5,94,0,86,33,39,56,46,40,5,18,35,86,0,43,18,85,5,89,63,77,13,33,43,0]
problem_id:93-16-1.0
solution:15