cities:[0,1,2,3,4,5,6,7,8,9]
ncities:10
coordinatesx:[66,144,423,467,345,176,490,926,535,175]
coordinatesy:[463,850,933,94,630,693,900,192,648,147]
maxweight:75
startcity:6
endcity:7
distancevector:[0,55,98,25,17,45,68,64,68,17,55,0,3,38,28,21,63,70,10,61,98,3,0,52,94,36,62,44,82,4,25,38,52,0,56,68,3,43,38,29,17,28,94,56,0,32,8,13,57,91,45,21,36,68,32,0,33,62,44,56,68,63,62,3,8,33,0,48,2,37,64,70,44,43,13,62,48,0,41,53,68,10,82,38,57,44,2,41,0,5,17,61,4,29,91,56,37,53,5,0]
weightvector:[0,18,11,67,51,76,37,19,68,26,18,0,62,76,25,57,31,50,39,69,11,62,0,92,23,2,9,29,22,10,67,76,92,0,25,37,26,50,51,57,51,25,23,25,0,23,69,7,51,85,76,57,2,37,23,0,79,86,12,10,37,31,9,26,69,79,0,40,59,20,19,50,29,50,7,86,40,0,31,8,68,39,22,51,51,12,59,31,0,95,26,69,10,57,85,10,20,8,95,0]
problem_id:73-4-0.6
solution:46