cities:[0,1,2,3,4,5,6,7,8,9]
ncities:10
coordinatesx:[380,249,824,715,93,370,616,208,80,574]
coordinatesy:[657,209,962,798,789,946,129,521,631,983]
maxweight:2257
startcity:4
endcity:8
distancevector:[0,0,0,0,0,0,380,0,470,0,0,0,94,301,0,65,0,0,470,556,0,94,0,0,523,0,368,0,437,0,0,301,0,0,0,238,478,0,0,825,0,0,523,0,0,610,828,960,941,172,0,65,0,238,610,0,0,0,0,619,380,0,368,478,828,0,0,0,161,908,0,0,0,0,960,0,0,0,117,999,470,470,437,0,941,0,161,117,0,0,0,556,0,825,172,619,908,999,0,0]
weightvector:[0,0,0,0,0,0,290,0,551,0,0,0,916,979,0,673,0,0,295,75,0,916,0,0,100,0,219,0,182,0,0,979,0,0,0,806,277,0,0,129,0,0,100,0,0,651,678,52,421,302,0,673,0,806,651,0,0,0,0,752,290,0,219,277,678,0,0,0,492,367,0,0,0,0,52,0,0,0,994,184,551,295,182,0,421,0,492,994,0,0,0,75,0,129,302,752,367,184,0,0]
problem_id:53-3-1.0
solution:756
solution:756