cities:[0,1,2,3,4,5,6,7,8,9]
ncities:10
coordinatesx:[874,912,557,32,260,25,510,933,259,333]
coordinatesy:[64,23,668,234,963,846,310,713,636,119]
maxweight:153
startcity:9
endcity:5
distancevector:[0,82,80,13,37,94,26,83,77,48,82,0,95,69,45,63,2,64,46,72,80,95,0,91,12,53,42,28,45,52,13,69,91,0,39,4,31,63,28,88,37,45,12,39,0,13,6,27,54,70,94,63,53,4,13,0,31,81,84,14,26,2,42,31,6,31,0,92,54,1,83,64,28,63,27,81,92,0,26,78,77,46,45,28,54,84,54,26,0,64,48,72,52,88,70,14,1,78,64,0]
weightvector:[0,91,61,51,17,20,10,7,74,79,91,0,48,38,79,93,14,39,25,43,61,48,0,7,41,32,76,8,85,86,51,38,7,0,67,98,78,51,39,91,17,79,41,67,0,88,56,22,31,15,20,93,32,98,88,0,9,13,25,83,10,14,76,78,56,9,0,63,92,45,7,39,8,51,22,13,63,0,83,41,74,25,85,39,31,25,92,83,0,94,79,43,86,91,15,83,45,41,94,0]
problem_id:81-10-1.0
solution:53