cities:[0,1,2,3,4,5,6,7,8,9]
ncities:10
coordinatesx:[421,347,688,775,949,124,935,430,288,12]
coordinatesy:[994,210,356,610,215,46,94,114,855,559]
maxweight:120
startcity:9
endcity:6
distancevector:[0,75,82,95,15,21,47,82,53,73,75,0,55,26,62,57,77,41,46,12,82,55,0,15,30,27,93,78,8,81,95,26,15,0,57,70,21,47,25,68,15,62,30,57,0,1,43,52,40,85,21,57,27,70,1,0,96,58,82,15,47,77,93,21,43,96,0,2,84,2,82,41,78,47,52,58,2,0,31,64,53,46,8,25,40,82,84,31,0,46,73,12,81,68,85,15,2,64,46,0]
weightvector:[0,78,16,81,37,65,71,30,72,83,78,0,51,74,5,34,17,89,75,31,16,51,0,16,1,91,93,64,97,27,81,74,16,0,61,16,41,7,62,44,37,5,1,61,0,19,79,39,37,50,65,34,91,16,19,0,50,11,56,68,71,17,93,41,79,50,0,35,84,83,30,89,64,7,39,11,35,0,10,44,72,75,97,62,37,56,84,10,0,72,83,31,27,44,50,68,83,44,72,0]
problem_id:2-7-0.8
solution:39