cities:[0,1,2,3,4,5,6,7,8,9]
ncities:10
coordinatesx:[251,159,425,586,653,127,130,32,492,477]
coordinatesy:[802,992,492,65,407,334,804,426,366,636]
maxweight:97
startcity:6
endcity:3
distancevector:[0,62,53,70,77,91,4,29,22,24,62,0,72,77,96,25,59,81,9,4,53,72,0,25,12,47,19,50,35,3,70,77,25,0,45,56,77,29,26,34,77,96,12,45,0,57,22,76,86,45,91,25,47,56,57,0,11,79,75,69,4,59,19,77,22,11,0,48,84,70,29,81,50,29,76,79,48,0,34,45,22,9,35,26,86,75,84,34,0,44,24,4,3,34,45,69,70,45,44,0]
weightvector:[0,2,26,97,15,7,16,36,19,22,2,0,68,53,25,89,65,37,27,18,26,68,0,83,41,28,94,37,7,19,97,53,83,0,89,43,80,1,34,84,15,25,41,89,0,7,32,92,27,37,7,89,28,43,7,0,29,18,19,11,16,65,94,80,32,29,0,77,2,38,36,37,37,1,92,18,77,0,22,73,19,27,7,34,27,19,2,22,0,82,22,18,19,84,37,11,38,73,82,0]
problem_id:88-3-0.8
solution:42