cities:[0,1,2,3,4,5,6,7,8,9]
ncities:10
coordinatesx:[303,595,687,722,287,560,781,535,30,56]
coordinatesy:[184,887,136,607,615,591,360,24,544,8]
maxweight:1410
startcity:6
endcity:7
distancevector:[0,0,0,481,620,227,0,294,0,233,0,0,0,0,0,798,922,678,0,505,0,0,0,320,481,0,282,0,540,145,481,0,320,0,624,266,0,768,0,0,620,0,481,624,0,0,741,0,456,0,227,798,0,266,0,0,0,0,0,0,0,922,282,0,741,0,0,615,648,424,294,678,0,768,0,0,615,0,0,0,0,0,540,0,456,0,648,0,0,572,233,505,145,0,0,0,424,0,572,0]
weightvector:[0,0,0,520,78,131,0,384,0,56,0,0,0,0,0,126,667,863,0,70,0,0,0,668,820,0,562,0,224,193,520,0,668,0,63,181,0,578,0,0,78,0,820,63,0,0,922,0,269,0,131,126,0,181,0,0,0,0,0,0,0,667,562,0,922,0,0,135,818,567,384,863,0,578,0,0,135,0,0,0,0,0,224,0,269,0,818,0,0,371,56,70,193,0,0,0,567,0,371,0]
problem_id:219-9-0.7
solution:884
solution:884