cities:[0,1,2,3,4,5,6,7,8,9]
ncities:10
coordinatesx:[481,597,643,113,13,35,292,751,201,823]
coordinatesy:[943,103,677,251,170,696,656,452,877,191]
maxweight:95
startcity:6
endcity:9
distancevector:[0,16,67,87,1,42,54,87,76,67,16,0,80,82,7,62,45,31,5,56,67,80,0,51,40,13,31,36,52,34,87,82,51,0,1,27,80,45,18,69,1,7,40,1,0,87,95,52,95,43,42,62,13,27,87,0,12,82,53,82,54,45,31,80,95,12,0,99,58,18,87,31,36,45,52,82,99,0,91,19,76,5,52,18,95,53,58,91,0,76,67,56,34,69,43,82,18,19,76,0]
weightvector:[0,13,8,89,63,22,69,30,82,84,13,0,65,2,51,71,21,50,88,64,8,65,0,29,76,4,72,84,4,60,89,2,29,0,73,15,95,57,74,54,63,51,76,73,0,56,4,38,10,48,22,71,4,15,56,0,98,45,77,46,69,21,72,95,4,98,0,96,71,17,30,50,84,57,38,45,96,0,78,79,82,88,4,74,10,77,71,78,0,56,84,64,60,54,48,46,17,79,56,0]
problem_id:53-16-0.6
solution:45