cities:[0,1,2,3,4,5,6,7,8,9,10,11,12,13,14,15,16,17,18,19]
coordinatesx:[477,175,167,776,403,237,805,527,27,216,963,941,391,379,93,335,143,141,250,462]
coordinatesy:[435,72,481,8,495,468,395,61,143,968,136,997,972,615,34,514,907,125,897,187]
ncities:20
maxdistance:3890
distancevector:[0,472,313,521,95,242,330,377,536,593,570,728,543,204,555,162,578,457,514,248,472,0,409,604,480,400,707,352,164,896,790,1200,925,580,90,470,835,62,828,309,313,409,0,771,236,71,643,553,365,489,867,930,539,250,453,171,426,356,424,416,521,604,771,0,613,708,388,254,761,1111,226,1002,1038,725,683,671,1099,645,1032,361,95,480,236,613,0,168,414,451,515,508,665,735,477,122,555,70,487,453,430,313,242,400,71,708,168,0,572,499,386,500,798,880,527,204,457,108,448,356,429,359,330,707,643,388,414,572,0,434,817,821,303,617,710,479,798,484,836,716,748,401,377,352,553,254,451,499,434,0,506,958,442,1023,921,573,434,492,929,391,880,141,536,164,365,761,515,386,817,506,0,846,936,1250,905,588,127,482,772,115,786,437,593,896,489,1111,508,500,821,958,846,0,1118,725,175,388,942,469,95,846,78,818,570,790,867,226,665,798,303,442,936,1118,0,861,1012,755,875,732,1125,822,1042,503,728,1200,930,1002,735,880,617,1023,1250,725,861,0,550,679,1283,774,803,1183,698,941,543,925,539,1038,477,527,710,921,905,175,1012,550,0,357,984,461,256,883,159,788,204,580,250,725,122,204,479,573,588,388,755,679,357,0,647,110,375,544,310,435,555,90,453,683,555,457,798,434,127,942,875,1283,984,647,0,537,874,102,877,399,162,470,171,671,70,108,484,492,482,469,732,774,461,110,537,0,437,434,392,350,578,835,426,1099,487,448,836,929,772,95,1125,803,256,375,874,437,0,782,107,787,457,62,356,645,453,356,716,391,115,846,822,1183,883,544,102,434,782,0,779,326,514,828,424,1032,430,429,748,880,786,78,1042,698,159,310,877,392,107,779,0,740,248,309,416,361,313,359,401,141,437,818,503,941,788,435,399,350,787,326,740,0]
solution:0
param:0.87
MZN:/Users/nitiny/kpc/output/cases/tsp/tsp-20-2/mzn/19/19-0.87.dzn
type:3
