cities:[0,1,2,3,4,5,6,7,8,9]
ncities:10
coordinatesx:[869,833,541,618,926,199,217,98,40,225]
coordinatesy:[518,735,519,208,118,34,558,180,238,839]
maxweight:2048
startcity:4
endcity:8
distancevector:[0,0,661,0,0,178,527,698,84,378,0,0,995,0,324,518,786,0,342,534,661,995,0,774,703,538,0,0,653,0,0,0,774,0,0,0,0,0,535,806,0,324,703,0,0,0,0,0,0,427,178,518,538,0,0,0,0,0,0,461,527,786,0,0,0,0,0,0,604,849,698,0,0,0,0,0,0,0,776,0,84,342,653,535,0,0,604,776,0,0,378,534,0,806,427,461,849,0,0,0]
weightvector:[0,0,592,0,0,571,827,82,759,696,0,0,115,0,862,731,119,0,110,304,592,115,0,176,274,276,0,0,148,0,0,0,176,0,0,0,0,0,225,135,0,862,274,0,0,0,0,0,0,544,571,731,276,0,0,0,0,0,0,163,827,119,0,0,0,0,0,0,235,719,82,0,0,0,0,0,0,0,760,0,759,110,148,225,0,0,235,760,0,0,696,304,0,135,544,163,719,0,0,0]
problem_id:9-6-1.0
solution:1311
solution:1311