cities:[0,1,2,3,4,5,6,7,8,9]
ncities:10
coordinatesx:[131,752,574,849,383,617,131,151,658,897]
coordinatesy:[280,428,366,806,137,606,824,618,862,954]
maxweight:2516
startcity:6
endcity:1
distancevector:[0,727,0,0,0,0,646,0,0,172,727,0,0,343,529,676,0,0,0,0,0,0,0,701,228,0,0,533,0,0,0,343,701,0,0,762,439,303,0,913,0,529,228,0,0,196,421,444,484,287,0,676,0,762,196,0,0,0,295,0,646,0,0,439,421,0,0,147,878,706,0,0,533,303,444,0,147,0,850,0,0,0,0,0,484,295,878,850,0,0,172,0,0,913,287,0,706,0,0,0]
weightvector:[0,102,0,0,0,0,901,0,0,882,102,0,0,733,659,939,0,0,0,0,0,0,0,72,814,0,0,926,0,0,0,733,72,0,0,580,289,978,0,921,0,659,814,0,0,517,653,513,488,557,0,939,0,580,517,0,0,0,293,0,901,0,0,289,653,0,0,800,689,262,0,0,926,978,513,0,800,0,903,0,0,0,0,0,488,293,689,903,0,0,882,0,0,921,557,0,262,0,0,0]
problem_id:1-5-0.8
solution:655
solution:655