cities:[0,1,2,3,4,5,6,7,8,9]
ncities:10
coordinatesx:[100,892,566,290,38,880,702,833,262,40]
coordinatesy:[986,653,174,690,384,174,525,81,898,620]
maxweight:155
startcity:1
endcity:5
distancevector:[0,64,50,90,83,27,49,97,67,37,64,0,67,51,86,7,55,80,64,70,50,67,0,8,22,49,61,65,66,34,90,51,8,0,88,67,73,94,27,91,83,86,22,88,0,31,16,27,8,90,27,7,49,67,31,0,59,58,4,22,49,55,61,73,16,59,0,94,64,57,97,80,65,94,27,58,94,0,40,37,67,64,66,27,8,4,64,40,0,41,37,70,34,91,90,22,57,37,41,0]
weightvector:[0,26,11,85,93,50,72,28,78,96,26,0,28,21,73,75,81,79,30,33,11,28,0,73,38,95,32,94,16,4,85,21,73,0,8,42,64,68,38,12,93,73,38,8,0,89,80,82,21,3,50,75,95,42,89,0,90,51,70,82,72,81,32,64,80,90,0,25,73,67,28,79,94,68,82,51,25,0,1,43,78,30,16,38,21,70,73,1,0,14,96,33,4,12,3,82,67,43,14,0]
problem_id:35-0-1.0
solution:39